 1.00000000e+00  1.73159386e-03 
 1.12201845e+00  1.77098090e-03 
 1.25892541e+00  1.81935421e-03 
 1.41253754e+00  1.87848219e-03 
 1.58489319e+00  1.95037275e-03 
 1.77827941e+00  2.03727362e-03 
 1.99526231e+00  2.14166738e-03 
 2.23872114e+00  2.26626392e-03 
 2.51188643e+00  2.41399468e-03 
 2.81838293e+00  2.58801356e-03 
 3.16227766e+00  2.79170882e-03 
 3.54813389e+00  3.02872889e-03 
 3.98107171e+00  3.30302325e-03 
 4.46683592e+00  3.61889745e-03 
 5.01187234e+00  3.98108076e-03 
 5.62341325e+00  4.39480415e-03 
 6.30957344e+00  4.86588709e-03 
 7.07945784e+00  5.40083204e-03 
 7.94328235e+00  6.00692669e-03 
 8.91250938e+00  6.69235438e-03 
 1.00000000e+01  7.46631411e-03 
 1.12201845e+01  8.33915177e-03 
 1.25892541e+01  9.32250455e-03 
 1.41253754e+01  1.04294608e-02 
 1.58489319e+01  1.16747379e-02 
 1.77827941e+01  1.30748805e-02 
 1.99526231e+01  1.46484824e-02 
 2.23872114e+01  1.64164348e-02 
 2.51188643e+01  1.84022050e-02 
 2.81838293e+01  2.06321481e-02 
 3.16227766e+01  2.31358581e-02 
 3.54813389e+01  2.59465602e-02 
 3.98107171e+01  2.91015528e-02 
 4.46683592e+01  3.26427019e-02 
 5.01187234e+01  3.66169976e-02 
 5.62341325e+01  4.10771769e-02 
 6.30957344e+01  4.60824242e-02 
 7.07945784e+01  5.16991564e-02 
 7.94328235e+01  5.80019044e-02 
 8.91250938e+01  6.50743019e-02 
 1.00000000e+02  7.30101956e-02 
 1.12201845e+02  8.19148899e-02 
 1.25892541e+02  9.19065448e-02 
 1.41253754e+02  1.03117743e-01 
 1.58489319e+02  1.15697252e-01 
 1.77827941e+02  1.29811992e-01 
 1.99526231e+02  1.45649258e-01 
 2.23872114e+02  1.63419200e-01 
 2.51188643e+02  1.83357615e-01 
 2.81838293e+02  2.05729073e-01 
 3.16227766e+02  2.30830429e-01 
 3.54813389e+02  2.58994763e-01 
 3.98107171e+02  2.90595796e-01 
 4.46683592e+02  3.26052854e-01 
 5.01187234e+02  3.65836430e-01 
 5.62341325e+02  4.10474423e-01 
 6.30957344e+02  4.60559149e-01 
 7.07945784e+02  5.16755197e-01 
 7.94328235e+02  5.79808247e-01 
 8.91250938e+02  6.50554963e-01 
 1.00000000e+03  7.29934096e-01 
 1.12201845e+03  8.18998938e-01 
 1.25892541e+03  9.18931296e-01 
 1.41253754e+03  1.03105717e+00 
 1.58489319e+03  1.15686433e+00 
 1.77827941e+03  1.29802210e+00 
 1.99526231e+03  1.45640342e+00 
 2.23872114e+03  1.63410974e+00 
 2.51188643e+03  1.83349889e+00 
 2.81838293e+03  2.05721629e+00 
 3.16227766e+03  2.30823007e+00 
 3.54813389e+03  2.58987035e+00 
 3.98107171e+03  2.90587337e+00 
 4.46683592e+03  3.26043096e+00 
 5.01187234e+03  3.65824596e+00 
 5.62341325e+03  4.10459447e+00 
 6.30957344e+03  4.60539545e+00 
 7.07945784e+03  5.16728887e+00 
 7.94328235e+03  5.79772315e+00 
 8.91250938e+03  6.50505307e+00 
 1.00000000e+04  7.29864935e+00 
 1.12201845e+04  8.18902121e+00 
 1.25892541e+04  9.18795321e+00 
 1.41253754e+04  1.03086580e+01 
 1.58489319e+04  1.15659466e+01 
 1.77827941e+04  1.29764176e+01 
 1.99526231e+04  1.45586673e+01 
 2.23872114e+04  1.63335220e+01 
 2.51188643e+04  1.83242942e+01 
 2.81838293e+04  2.05570634e+01 
 3.16227766e+04  2.30609815e+01 
 3.54813389e+04  2.58686034e+01 
 3.98107171e+04  2.90162389e+01 
 4.46683592e+04  3.25443219e+01 
 5.01187234e+04  3.64977904e+01 
 5.62341325e+04  4.09264609e+01 
 6.30957344e+04  4.58853810e+01 
 7.07945784e+04  5.14351288e+01 
 7.94328235e+04  5.76420171e+01 
 8.91250938e+04  6.45781424e+01 
 1.00000000e+05  7.23211973e+01 
 1.12201845e+05  8.09539330e+01 
 1.25892541e+05  9.05631285e+01 
 1.41253754e+05  1.01237880e+02 
 1.58489319e+05  1.13066986e+02 
 1.77827941e+05  1.26135179e+02 
 1.99526231e+05  1.40517938e+02 
 2.23872114e+05  1.56274679e+02 
 2.51188643e+05  1.73440236e+02 
 2.81838293e+05  1.92014831e+02 
 3.16227766e+05  2.11953141e+02 
 3.54813389e+05  2.33153673e+02 
 3.98107171e+05  2.55450375e+02 
 4.46683592e+05  2.78608971e+02 
 5.01187234e+05  3.02330762e+02 
 5.62341325e+05  3.26266034e+02 
 6.30957344e+05  3.50037666e+02 
 7.07945784e+05  3.73273142e+02 
 7.94328235e+05  3.95640590e+02 
 8.91250938e+05  4.16882758e+02 
 1.00000000e+06  4.36842843e+02 
 1.12201845e+06  4.55477981e+02 
 1.25892541e+06  4.72859168e+02 
 1.41253754e+06  4.89159279e+02 
 1.58489319e+06  5.04632519e+02 
 1.77827941e+06  5.19588810e+02 
 1.99526231e+06  5.34365630e+02 
 2.23872114e+06  5.49298403e+02 
 2.51188643e+06  5.64689393e+02 
 2.81838293e+06  5.80774751e+02 
 3.16227766e+06  5.97690005e+02 
 3.54813389e+06  6.15435814e+02 
 3.98107171e+06  6.33847834e+02 
 4.46683592e+06  6.52576349e+02 
 5.01187234e+06  6.71082006e+02 
 5.62341325e+06  6.88652839e+02 
 6.30957344e+06  7.04444515e+02 
 7.07945784e+06  7.17541106e+02 
 7.94328235e+06  7.27029169e+02 
 8.91250938e+06  7.32075298e+02 
 1.00000000e+07  7.31997493e+02 
