 3.00000000e+00  3.26732673e+00  3.26655391e+00  1.00000000e+03  6.54021046e+02  7.38569496e-02  9.90099010e+02 
 3.00500000e+00  3.26695429e+00  3.26618150e+00  1.01157945e+03  6.44058363e+02  7.51192484e-02  1.00144900e+03 
 3.01000000e+00  3.26657554e+00  3.26580278e+00  1.02329299e+03  6.34247441e+02  7.61824158e-02  1.01292777e+03 
 3.01500000e+00  3.26619247e+00  3.26541974e+00  1.03514217e+03  6.24585969e+02  7.70488986e-02  1.02453675e+03 
 3.02000000e+00  3.26580505e+00  3.26503235e+00  1.04712855e+03  6.15071670e+02  7.79226227e-02  1.03627739e+03 
 3.02500000e+00  3.26541324e+00  3.26464058e+00  1.05925373e+03  6.05702301e+02  7.88060130e-02  1.04815115e+03 
 3.03000000e+00  3.26501699e+00  3.26424436e+00  1.07151931e+03  5.96475656e+02  7.96991988e-02  1.06015949e+03 
 3.03500000e+00  3.26461625e+00  3.26384365e+00  1.08392691e+03  5.87389561e+02  8.06022837e-02  1.07230392e+03 
 3.04000000e+00  3.26421097e+00  3.26343840e+00  1.09647820e+03  5.78441873e+02  8.15153725e-02  1.08458595e+03 
 3.04500000e+00  3.26380110e+00  3.26302856e+00  1.10917482e+03  5.69630485e+02  8.24385706e-02  1.09700709e+03 
 3.05000000e+00  3.26338658e+00  3.26261408e+00  1.12201845e+03  5.60953321e+02  8.33719845e-02  1.10956889e+03 
 3.05500000e+00  3.26296738e+00  3.26219491e+00  1.13501082e+03  5.52408336e+02  8.43157219e-02  1.12227290e+03 
 3.06000000e+00  3.26254342e+00  3.26177100e+00  1.14815362e+03  5.43993517e+02  8.52698911e-02  1.13512069e+03 
 3.06500000e+00  3.26211468e+00  3.26134228e+00  1.16144861e+03  5.35706880e+02  8.62346019e-02  1.14811386e+03 
 3.07000000e+00  3.26168108e+00  3.26090872e+00  1.17489755e+03  5.27546473e+02  8.72099646e-02  1.16125401e+03 
 3.07500000e+00  3.26124258e+00  3.26047025e+00  1.18850223e+03  5.19510373e+02  8.81960909e-02  1.17454276e+03 
 3.08000000e+00  3.26079912e+00  3.26002683e+00  1.20226443e+03  5.11596687e+02  8.91930934e-02  1.18798175e+03 
 3.08500000e+00  3.26035065e+00  3.25957840e+00  1.21618600e+03  5.03803550e+02  9.02010858e-02  1.20157264e+03 
 3.09000000e+00  3.25989711e+00  3.25912490e+00  1.23026877e+03  4.96129126e+02  9.12201827e-02  1.21531710e+03 
 3.09500000e+00  3.25943844e+00  3.25866627e+00  1.24451461e+03  4.88571606e+02  9.22504998e-02  1.22921683e+03 
 3.10000000e+00  3.25897460e+00  3.25820247e+00  1.25892541e+03  4.81129209e+02  9.32921539e-02  1.24327353e+03 
 3.10500000e+00  3.25850552e+00  3.25773342e+00  1.27350308e+03  4.73800183e+02  9.43452630e-02  1.25748892e+03 
 3.11000000e+00  3.25803115e+00  3.25725909e+00  1.28824955e+03  4.66582799e+02  9.54099458e-02  1.27186476e+03 
 3.11500000e+00  3.25755142e+00  3.25677940e+00  1.30316678e+03  4.59475357e+02  9.64863224e-02  1.28640280e+03 
 3.12000000e+00  3.25706629e+00  3.25629431e+00  1.31825674e+03  4.52476183e+02  9.75745138e-02  1.30110484e+03 
 3.12500000e+00  3.25657568e+00  3.25580374e+00  1.33352143e+03  4.45583626e+02  9.86746421e-02  1.31597265e+03 
 3.13000000e+00  3.25607954e+00  3.25530764e+00  1.34896288e+03  4.38796064e+02  9.97868306e-02  1.33100808e+03 
 3.13500000e+00  3.25557781e+00  3.25480595e+00  1.36458314e+03  4.32111897e+02  1.00911204e-01  1.34621294e+03 
 3.14000000e+00  3.25507043e+00  3.25429861e+00  1.38038426e+03  4.25529550e+02  1.02047887e-01  1.36158910e+03 
 3.14500000e+00  3.25455733e+00  3.25378556e+00  1.39636836e+03  4.19047471e+02  1.03197006e-01  1.37713844e+03 
 3.15000000e+00  3.25403846e+00  3.25326673e+00  1.41253754e+03  4.12664133e+02  1.04358689e-01  1.39286283e+03 
 3.15500000e+00  3.25351374e+00  3.25274206e+00  1.42889396e+03  4.06378033e+02  1.05533066e-01  1.40876421e+03 
 3.16000000e+00  3.25298313e+00  3.25221148e+00  1.44543977e+03  4.00187689e+02  1.06720265e-01  1.42484450e+03 
 3.16500000e+00  3.25244654e+00  3.25167494e+00  1.46217717e+03  3.94091641e+02  1.07920417e-01  1.44110566e+03 
 3.17000000e+00  3.25190392e+00  3.25113237e+00  1.47910839e+03  3.88088455e+02  1.09133655e-01  1.45754965e+03 
 3.17500000e+00  3.25135520e+00  3.25058369e+00  1.49623566e+03  3.82176716e+02  1.10360113e-01  1.47417847e+03 
 3.18000000e+00  3.25080032e+00  3.25002886e+00  1.51356125e+03  3.76355029e+02  1.11599924e-01  1.49099414e+03 
 3.18500000e+00  3.25023921e+00  3.24946779e+00  1.53108746e+03  3.70622024e+02  1.12853223e-01  1.50799868e+03 
 3.19000000e+00  3.24967179e+00  3.24890042e+00  1.54881662e+03  3.64976350e+02  1.14120149e-01  1.52519416e+03 
 3.19500000e+00  3.24909800e+00  3.24832668e+00  1.56675107e+03  3.59416676e+02  1.15400838e-01  1.54258264e+03 
 3.20000000e+00  3.24851778e+00  3.24774650e+00  1.58489319e+03  3.53941693e+02  1.16695429e-01  1.56016622e+03 
 3.20500000e+00  3.24793105e+00  3.24715982e+00  1.60324539e+03  3.48550110e+02  1.18004063e-01  1.57794703e+03 
 3.21000000e+00  3.24733774e+00  3.24656656e+00  1.62181010e+03  3.43240656e+02  1.19326881e-01  1.59592719e+03 
 3.21500000e+00  3.24673778e+00  3.24596665e+00  1.64058977e+03  3.38012082e+02  1.20664025e-01  1.61410887e+03 
 3.22000000e+00  3.24613110e+00  3.24536002e+00  1.65958691e+03  3.32863154e+02  1.22015640e-01  1.63249425e+03 
 3.22500000e+00  3.24551762e+00  3.24474659e+00  1.67880402e+03  3.27792659e+02  1.23381869e-01  1.65108553e+03 
 3.23000000e+00  3.24489728e+00  3.24412630e+00  1.69824365e+03  3.22799404e+02  1.24762859e-01  1.66988494e+03 
 3.23500000e+00  3.24427000e+00  3.24349907e+00  1.71790839e+03  3.17882210e+02  1.26158757e-01  1.68889472e+03 
 3.24000000e+00  3.24363569e+00  3.24286481e+00  1.73780083e+03  3.13039920e+02  1.27569712e-01  1.70811715e+03 
 3.24500000e+00  3.24299430e+00  3.24222347e+00  1.75792361e+03  3.08271392e+02  1.28995873e-01  1.72755453e+03 
 3.25000000e+00  3.24234573e+00  3.24157496e+00  1.77827941e+03  3.03575503e+02  1.30437390e-01  1.74720915e+03 
 3.25500000e+00  3.24168992e+00  3.24091921e+00  1.79887092e+03  2.98951147e+02  1.31894416e-01  1.76708337e+03 
 3.26000000e+00  3.24102679e+00  3.24025613e+00  1.81970086e+03  2.94397233e+02  1.33367104e-01  1.78717954e+03 
 3.26500000e+00  3.24035625e+00  3.23958564e+00  1.84077200e+03  2.89912689e+02  1.34855608e-01  1.80750005e+03 
 3.27000000e+00  3.23967823e+00  3.23890768e+00  1.86208714e+03  2.85496457e+02  1.36360083e-01  1.82804730e+03 
 3.27500000e+00  3.23899265e+00  3.23822216e+00  1.88364909e+03  2.81147499e+02  1.37880687e-01  1.84882374e+03 
 3.28000000e+00  3.23829943e+00  3.23752899e+00  1.90546072e+03  2.76864787e+02  1.39417577e-01  1.86983181e+03 
 3.28500000e+00  3.23759848e+00  3.23682809e+00  1.92752491e+03  2.72647314e+02  1.40970913e-01  1.89107399e+03 
 3.29000000e+00  3.23688972e+00  3.23611939e+00  1.94984460e+03  2.68494086e+02  1.42540854e-01  1.91255279e+03 
 3.29500000e+00  3.23617307e+00  3.23540280e+00  1.97242274e+03  2.64404123e+02  1.44127562e-01  1.93427074e+03 
 3.30000000e+00  3.23544844e+00  3.23467824e+00  1.99526231e+03  2.60376463e+02  1.45731200e-01  1.95623039e+03 
 3.30500000e+00  3.23471576e+00  3.23394561e+00  2.01836636e+03  2.56410157e+02  1.47351932e-01  1.97843431e+03 
 3.31000000e+00  3.23397492e+00  3.23320484e+00  2.04173794e+03  2.52504268e+02  1.48989923e-01  2.00088511e+03 
 3.31500000e+00  3.23322586e+00  3.23245583e+00  2.06538016e+03  2.48657878e+02  1.50645339e-01  2.02358542e+03 
 3.32000000e+00  3.23246847e+00  3.23169851e+00  2.08929613e+03  2.44870080e+02  1.52318348e-01  2.04653789e+03 
 3.32500000e+00  3.23170267e+00  3.23093277e+00  2.11348904e+03  2.41139982e+02  1.54009118e-01  2.06974520e+03 
 3.33000000e+00  3.23092838e+00  3.23015854e+00  2.13796209e+03  2.37466704e+02  1.55717820e-01  2.09321005e+03 
 3.33500000e+00  3.23014550e+00  3.22937572e+00  2.16271852e+03  2.33849381e+02  1.57444624e-01  2.11693517e+03 
 3.34000000e+00  3.22935393e+00  3.22858422e+00  2.18776162e+03  2.30287160e+02  1.59189703e-01  2.14092333e+03 
 3.34500000e+00  3.22855360e+00  3.22778396e+00  2.21309471e+03  2.26779203e+02  1.60953230e-01  2.16517729e+03 
 3.35000000e+00  3.22774440e+00  3.22697482e+00  2.23872114e+03  2.23324682e+02  1.62735379e-01  2.18969986e+03 
 3.35500000e+00  3.22692625e+00  3.22615674e+00  2.26464431e+03  2.19922784e+02  1.64536328e-01  2.21449390e+03 
 3.36000000e+00  3.22609904e+00  3.22532960e+00  2.29086765e+03  2.16572706e+02  1.66356252e-01  2.23956225e+03 
 3.36500000e+00  3.22526268e+00  3.22449331e+00  2.31739465e+03  2.13273661e+02  1.68195330e-01  2.26490780e+03 
 3.37000000e+00  3.22441708e+00  3.22364778e+00  2.34422882e+03  2.10024870e+02  1.70053742e-01  2.29053347e+03 
 3.37500000e+00  3.22356215e+00  3.22279291e+00  2.37137371e+03  2.06825567e+02  1.71931667e-01  2.31644220e+03 
 3.38000000e+00  3.22269777e+00  3.22192860e+00  2.39883292e+03  2.03674999e+02  1.73829288e-01  2.34263697e+03 
 3.38500000e+00  3.22182385e+00  3.22105476e+00  2.42661010e+03  2.00572424e+02  1.75746787e-01  2.36912077e+03 
 3.39000000e+00  3.22094030e+00  3.22017128e+00  2.45470892e+03  1.97517111e+02  1.77684349e-01  2.39589663e+03 
 3.39500000e+00  3.22004701e+00  3.21927806e+00  2.48313311e+03  1.94508338e+02  1.79642158e-01  2.42296759e+03 
 3.40000000e+00  3.21914388e+00  3.21837501e+00  2.51188643e+03  1.91545399e+02  1.81620402e-01  2.45033676e+03 
 3.40500000e+00  3.21823080e+00  3.21746201e+00  2.54097271e+03  1.88627593e+02  1.83619266e-01  2.47800722e+03 
 3.41000000e+00  3.21730769e+00  3.21653896e+00  2.57039578e+03  1.85754235e+02  1.85638940e-01  2.50598212e+03 
 3.41500000e+00  3.21637442e+00  3.21560577e+00  2.60015956e+03  1.82924646e+02  1.87679614e-01  2.53426464e+03 
 3.42000000e+00  3.21543089e+00  3.21466232e+00  2.63026799e+03  1.80138161e+02  1.89741478e-01  2.56285796e+03 
 3.42500000e+00  3.21447700e+00  3.21370851e+00  2.66072506e+03  1.77394121e+02  1.91824724e-01  2.59176531e+03 
 3.43000000e+00  3.21351264e+00  3.21274423e+00  2.69153480e+03  1.74691882e+02  1.93929545e-01  2.62098995e+03 
 3.43500000e+00  3.21253771e+00  3.21176938e+00  2.72270131e+03  1.72030806e+02  1.96056135e-01  2.65053515e+03 
 3.44000000e+00  3.21155208e+00  3.21078383e+00  2.75422870e+03  1.69410266e+02  1.98204690e-01  2.68040424e+03 
 3.44500000e+00  3.21055566e+00  3.20978749e+00  2.78612117e+03  1.66829644e+02  2.00375404e-01  2.71060055e+03 
 3.45000000e+00  3.20954833e+00  3.20878024e+00  2.81838293e+03  1.64288333e+02  2.02568476e-01  2.74112746e+03 
 3.45500000e+00  3.20852997e+00  3.20776197e+00  2.85101827e+03  1.61785734e+02  2.04784103e-01  2.77198837e+03 
 3.46000000e+00  3.20750049e+00  3.20673257e+00  2.88403150e+03  1.59321257e+02  2.07022486e-01  2.80318672e+03 
 3.46500000e+00  3.20645975e+00  3.20569192e+00  2.91742701e+03  1.56894321e+02  2.09283823e-01  2.83472595e+03 
 3.47000000e+00  3.20540765e+00  3.20463990e+00  2.95120923e+03  1.54504354e+02  2.11568317e-01  2.86660958e+03 
 3.47500000e+00  3.20434407e+00  3.20357641e+00  2.98538262e+03  1.52150794e+02  2.13876169e-01  2.89884112e+03 
 3.48000000e+00  3.20326889e+00  3.20250131e+00  3.01995172e+03  1.49833086e+02  2.16207583e-01  2.93142413e+03 
 3.48500000e+00  3.20218199e+00  3.20141451e+00  3.05492111e+03  1.47550683e+02  2.18562762e-01  2.96436219e+03 
 3.49000000e+00  3.20108326e+00  3.20031587e+00  3.09029543e+03  1.45303048e+02  2.20941912e-01  2.99765892e+03 
 3.49500000e+00  3.19997257e+00  3.19920527e+00  3.12607937e+03  1.43089651e+02  2.23345239e-01  3.03131796e+03 
 3.50000000e+00  3.19884981e+00  3.19808260e+00  3.16227766e+03  1.40909970e+02  2.25772949e-01  3.06534300e+03 
 3.50500000e+00  3.19771484e+00  3.19694773e+00  3.19889511e+03  1.38763493e+02  2.28225250e-01  3.09973775e+03 
 3.51000000e+00  3.19656755e+00  3.19580053e+00  3.23593657e+03  1.36649713e+02  2.30702351e-01  3.13450595e+03 
 3.51500000e+00  3.19540782e+00  3.19464089e+00  3.27340695e+03  1.34568132e+02  2.33204461e-01  3.16965136e+03 
 3.52000000e+00  3.19423551e+00  3.19346868e+00  3.31131121e+03  1.32518260e+02  2.35731790e-01  3.20517780e+03 
 3.52500000e+00  3.19305050e+00  3.19228377e+00  3.34965439e+03  1.30499613e+02  2.38284549e-01  3.24108911e+03 
 3.53000000e+00  3.19185266e+00  3.19108603e+00  3.38844156e+03  1.28511716e+02  2.40862949e-01  3.27738915e+03 
 3.53500000e+00  3.19064187e+00  3.18987533e+00  3.42767787e+03  1.26554101e+02  2.43467204e-01  3.31408182e+03 
 3.54000000e+00  3.18941799e+00  3.18865156e+00  3.46736850e+03  1.24626306e+02  2.46097527e-01  3.35117105e+03 
 3.54500000e+00  3.18818089e+00  3.18741456e+00  3.50751874e+03  1.22727878e+02  2.48754131e-01  3.38866083e+03 
 3.55000000e+00  3.18693045e+00  3.18616422e+00  3.54813389e+03  1.20858368e+02  2.51437231e-01  3.42655513e+03 
 3.55500000e+00  3.18566652e+00  3.18490039e+00  3.58921935e+03  1.19017336e+02  2.54147041e-01  3.46485799e+03 
 3.56000000e+00  3.18438898e+00  3.18362296e+00  3.63078055e+03  1.17204348e+02  2.56883779e-01  3.50357348e+03 
 3.56500000e+00  3.18309768e+00  3.18233177e+00  3.67282300e+03  1.15418978e+02  2.59647660e-01  3.54270570e+03 
 3.57000000e+00  3.18179250e+00  3.18102669e+00  3.71535229e+03  1.13660804e+02  2.62438901e-01  3.58225876e+03 
 3.57500000e+00  3.18047330e+00  3.17970759e+00  3.75837404e+03  1.11929412e+02  2.65257720e-01  3.62223683e+03 
 3.58000000e+00  3.17913993e+00  3.17837433e+00  3.80189396e+03  1.10224395e+02  2.68104334e-01  3.66264412e+03 
 3.58500000e+00  3.17779225e+00  3.17702677e+00  3.84591782e+03  1.08545350e+02  2.70978962e-01  3.70348484e+03 
 3.59000000e+00  3.17643014e+00  3.17566477e+00  3.89045145e+03  1.06891882e+02  2.73881823e-01  3.74476325e+03 
 3.59500000e+00  3.17505343e+00  3.17428818e+00  3.93550075e+03  1.05263601e+02  2.76813136e-01  3.78648366e+03 
 3.60000000e+00  3.17366200e+00  3.17289686e+00  3.98107171e+03  1.03660124e+02  2.79773121e-01  3.82865039e+03 
 3.60500000e+00  3.17225570e+00  3.17149067e+00  4.02717034e+03  1.02081072e+02  2.82761997e-01  3.87126779e+03 
 3.61000000e+00  3.17083438e+00  3.17006947e+00  4.07380278e+03  1.00526074e+02  2.85779985e-01  3.91434028e+03 
 3.61500000e+00  3.16939790e+00  3.16863311e+00  4.12097519e+03  9.89947638e+01  2.88827306e-01  3.95787226e+03 
 3.62000000e+00  3.16794611e+00  3.16718144e+00  4.16869383e+03  9.74867795e+01  2.91904179e-01  4.00186820e+03 
 3.62500000e+00  3.16647886e+00  3.16571431e+00  4.21696503e+03  9.60017664e+01  2.95010826e-01  4.04633260e+03 
 3.63000000e+00  3.16499600e+00  3.16423157e+00  4.26579519e+03  9.45393743e+01  2.98147467e-01  4.09126999e+03 
 3.63500000e+00  3.16349739e+00  3.16273308e+00  4.31519077e+03  9.30992589e+01  3.01314324e-01  4.13668492e+03 
 3.64000000e+00  3.16198286e+00  3.16121867e+00  4.36515832e+03  9.16810807e+01  3.04511618e-01  4.18258200e+03 
 3.64500000e+00  3.16045227e+00  3.15968821e+00  4.41570447e+03  9.02845055e+01  3.07739570e-01  4.22896584e+03 
 3.65000000e+00  3.15890546e+00  3.15814153e+00  4.46683592e+03  8.89092044e+01  3.10998401e-01  4.27584111e+03 
 3.65500000e+00  3.15734229e+00  3.15657848e+00  4.51855944e+03  8.75548531e+01  3.14288331e-01  4.32321252e+03 
 3.66000000e+00  3.15576258e+00  3.15499890e+00  4.57088190e+03  8.62211327e+01  3.17609582e-01  4.37108477e+03 
 3.66500000e+00  3.15416619e+00  3.15340264e+00  4.62381021e+03  8.49077287e+01  3.20962375e-01  4.41946265e+03 
 3.67000000e+00  3.15255296e+00  3.15178954e+00  4.67735141e+03  8.36143319e+01  3.24346928e-01  4.46835094e+03 
 3.67500000e+00  3.15092272e+00  3.15015944e+00  4.73151259e+03  8.23406372e+01  3.27763463e-01  4.51775447e+03 
 3.68000000e+00  3.14927532e+00  3.14851218e+00  4.78630092e+03  8.10863448e+01  3.31212199e-01  4.56767810e+03 
 3.68500000e+00  3.14761060e+00  3.14684759e+00  4.84172368e+03  7.98511589e+01  3.34693356e-01  4.61812674e+03 
 3.69000000e+00  3.14592839e+00  3.14516552e+00  4.89778819e+03  7.86347886e+01  3.38207152e-01  4.66910531e+03 
 3.69500000e+00  3.14422853e+00  3.14346580e+00  4.95450191e+03  7.74369473e+01  3.41753806e-01  4.72061876e+03 
 3.70000000e+00  3.14251085e+00  3.14174826e+00  5.01187234e+03  7.62573526e+01  3.45333534e-01  4.77267210e+03 
 3.70500000e+00  3.14077519e+00  3.14001274e+00  5.06990708e+03  7.50957266e+01  3.48946555e-01  4.82527036e+03 
 3.71000000e+00  3.13902139e+00  3.13825908e+00  5.12861384e+03  7.39517957e+01  3.52593085e-01  4.87841859e+03 
 3.71500000e+00  3.13724926e+00  3.13648710e+00  5.18800039e+03  7.28252902e+01  3.56273339e-01  4.93212189e+03 
 3.72000000e+00  3.13545865e+00  3.13469664e+00  5.24807460e+03  7.17159447e+01  3.59987532e-01  4.98638538e+03 
 3.72500000e+00  3.13364939e+00  3.13288752e+00  5.30884444e+03  7.06234979e+01  3.63735878e-01  5.04121422e+03 
 3.73000000e+00  3.13182129e+00  3.13105958e+00  5.37031796e+03  6.95476923e+01  3.67518590e-01  5.09661361e+03 
 3.73500000e+00  3.12997420e+00  3.12921264e+00  5.43250331e+03  6.84882744e+01  3.71335880e-01  5.15258876e+03 
 3.74000000e+00  3.12810793e+00  3.12734652e+00  5.49540874e+03  6.74449945e+01  3.75187958e-01  5.20914493e+03 
 3.74500000e+00  3.12622232e+00  3.12546107e+00  5.55904257e+03  6.64176070e+01  3.79075034e-01  5.26628741e+03 
 3.75000000e+00  3.12431718e+00  3.12355608e+00  5.62341325e+03  6.54058695e+01  3.82997317e-01  5.32402152e+03 
 3.75500000e+00  3.12239235e+00  3.12163141e+00  5.68852931e+03  6.44095439e+01  3.86955013e-01  5.38235260e+03 
 3.76000000e+00  3.12044763e+00  3.11968685e+00  5.75439937e+03  6.34283952e+01  3.90948329e-01  5.44128604e+03 
 3.76500000e+00  3.11848286e+00  3.11772224e+00  5.82103218e+03  6.24621924e+01  3.94977468e-01  5.50082725e+03 
 3.77000000e+00  3.11649786e+00  3.11573740e+00  5.88843655e+03  6.15107077e+01  3.99042633e-01  5.56098168e+03 
 3.77500000e+00  3.11449244e+00  3.11373214e+00  5.95662144e+03  6.05737169e+01  4.03144026e-01  5.62175478e+03 
 3.78000000e+00  3.11246642e+00  3.11170629e+00  6.02559586e+03  5.96509993e+01  4.07281844e-01  5.68315208e+03 
 3.78500000e+00  3.11041962e+00  3.10965966e+00  6.09536897e+03  5.87423374e+01  4.11456287e-01  5.74517911e+03 
 3.79000000e+00  3.10835186e+00  3.10759206e+00  6.16595002e+03  5.78475172e+01  4.15667549e-01  5.80784142e+03 
 3.79500000e+00  3.10626294e+00  3.10550332e+00  6.23734835e+03  5.69663277e+01  4.19915824e-01  5.87114461e+03 
 3.80000000e+00  3.10415270e+00  3.10339325e+00  6.30957344e+03  5.60985613e+01  4.24201304e-01  5.93509431e+03 
 3.80500000e+00  3.10202093e+00  3.10126166e+00  6.38263486e+03  5.52440136e+01  4.28524178e-01  5.99969616e+03 
 3.81000000e+00  3.09986746e+00  3.09910836e+00  6.45654229e+03  5.44024832e+01  4.32884633e-01  6.06495585e+03 
 3.81500000e+00  3.09769208e+00  3.09693317e+00  6.53130553e+03  5.35737718e+01  4.37282855e-01  6.13087908e+03 
 3.82000000e+00  3.09549463e+00  3.09473589e+00  6.60693448e+03  5.27576842e+01  4.41719025e-01  6.19747159e+03 
 3.82500000e+00  3.09327489e+00  3.09251634e+00  6.68343918e+03  5.19540280e+01  4.46193324e-01  6.26473915e+03 
 3.83000000e+00  3.09103269e+00  3.09027432e+00  6.76082975e+03  5.11626138e+01  4.50705928e-01  6.33268753e+03 
 3.83500000e+00  3.08876784e+00  3.08800965e+00  6.83911647e+03  5.03832553e+01  4.55257013e-01  6.40132257e+03 
 3.84000000e+00  3.08648012e+00  3.08572213e+00  6.91830971e+03  4.96157686e+01  4.59846750e-01  6.47065010e+03 
 3.84500000e+00  3.08416937e+00  3.08341156e+00  6.99841996e+03  4.88599731e+01  4.64475307e-01  6.54067599e+03 
 3.85000000e+00  3.08183537e+00  3.08107775e+00  7.07945784e+03  4.81156906e+01  4.69142852e-01  6.61140613e+03 
 3.85500000e+00  3.07947794e+00  3.07872051e+00  7.16143410e+03  4.73827458e+01  4.73849545e-01  6.68284646e+03 
 3.86000000e+00  3.07709688e+00  3.07633965e+00  7.24435960e+03  4.66609658e+01  4.78595547e-01  6.75500290e+03 
 3.86500000e+00  3.07469198e+00  3.07393495e+00  7.32824533e+03  4.59501807e+01  4.83381013e-01  6.82788143e+03 
 3.87000000e+00  3.07226307e+00  3.07150623e+00  7.41310241e+03  4.52502230e+01  4.88206096e-01  6.90148804e+03 
 3.87500000e+00  3.06980992e+00  3.06905329e+00  7.49894209e+03  4.45609277e+01  4.93070945e-01  6.97582874e+03 
 3.88000000e+00  3.06733236e+00  3.06657593e+00  7.58577575e+03  4.38821324e+01  4.97975705e-01  7.05090956e+03 
 3.88500000e+00  3.06483017e+00  3.06407394e+00  7.67361489e+03  4.32136772e+01  5.02920518e-01  7.12673657e+03 
 3.89000000e+00  3.06230315e+00  3.06154713e+00  7.76247117e+03  4.25554046e+01  5.07905521e-01  7.20331585e+03 
 3.89500000e+00  3.05975111e+00  3.05899530e+00  7.85235635e+03  4.19071594e+01  5.12930847e-01  7.28065349e+03 
 3.90000000e+00  3.05717384e+00  3.05641825e+00  7.94328235e+03  4.12687889e+01  5.17996625e-01  7.35875561e+03 
 3.90500000e+00  3.05457114e+00  3.05381576e+00  8.03526122e+03  4.06401427e+01  5.23102981e-01  7.43762835e+03 
 3.91000000e+00  3.05194281e+00  3.05118764e+00  8.12830516e+03  4.00210726e+01  5.28250034e-01  7.51727788e+03 
 3.91500000e+00  3.04928864e+00  3.04853369e+00  8.22242650e+03  3.94114328e+01  5.33437901e-01  7.59771035e+03 
 3.92000000e+00  3.04660843e+00  3.04585370e+00  8.31763771e+03  3.88110796e+01  5.38666693e-01  7.67893197e+03 
 3.92500000e+00  3.04390198e+00  3.04314747e+00  8.41395142e+03  3.82198716e+01  5.43936516e-01  7.76094894e+03 
 3.93000000e+00  3.04116907e+00  3.04041478e+00  8.51138038e+03  3.76376694e+01  5.49247472e-01  7.84376749e+03 
 3.93500000e+00  3.03840950e+00  3.03765544e+00  8.60993752e+03  3.70643360e+01  5.54599657e-01  7.92739386e+03 
 3.94000000e+00  3.03562307e+00  3.03486924e+00  8.70963590e+03  3.64997360e+01  5.59993162e-01  8.01183430e+03 
 3.94500000e+00  3.03280957e+00  3.03205597e+00  8.81048873e+03  3.59437367e+01  5.65428072e-01  8.09709508e+03 
 3.95000000e+00  3.02996879e+00  3.02921542e+00  8.91250938e+03  3.53962068e+01  5.70904469e-01  8.18318248e+03 
 3.95500000e+00  3.02710053e+00  3.02634739e+00  9.01571138e+03  3.48570174e+01  5.76422426e-01  8.27010278e+03 
 3.96000000e+00  3.02420457e+00  3.02345167e+00  9.12010839e+03  3.43260415e+01  5.81982012e-01  8.35786229e+03 
 3.96500000e+00  3.02128071e+00  3.02052805e+00  9.22571427e+03  3.38031540e+01  5.87583291e-01  8.44646733e+03 
 3.97000000e+00  3.01832873e+00  3.01757632e+00  9.33254301e+03  3.32882316e+01  5.93226318e-01  8.53592421e+03 
 3.97500000e+00  3.01534844e+00  3.01459627e+00  9.44060876e+03  3.27811529e+01  5.98911146e-01  8.62623926e+03 
 3.98000000e+00  3.01233962e+00  3.01158770e+00  9.54992586e+03  3.22817986e+01  6.04637817e-01  8.71741883e+03 
 3.98500000e+00  3.00930206e+00  3.00855039e+00  9.66050879e+03  3.17900509e+01  6.10406369e-01  8.80946924e+03 
 3.99000000e+00  3.00623556e+00  3.00548414e+00  9.77237221e+03  3.13057940e+01  6.16216835e-01  8.90239685e+03 
 3.99500000e+00  3.00313990e+00  3.00238873e+00  9.88553095e+03  3.08289138e+01  6.22069237e-01  8.99620802e+03 
 4.00000000e+00  3.00001487e+00  2.99926395e+00  1.00000000e+04  3.03592979e+01  6.27963593e-01  9.09090909e+03 
 4.00500000e+00  2.99686026e+00  2.99610961e+00  1.01157945e+04  2.98968356e+01  6.33899913e-01  9.18650643e+03 
 4.01000000e+00  2.99367587e+00  2.99292548e+00  1.02329299e+04  2.94414180e+01  6.39878200e-01  9.28300638e+03 
 4.01500000e+00  2.99046148e+00  2.98971135e+00  1.03514217e+04  2.89929378e+01  6.45898450e-01  9.38041532e+03 
 4.02000000e+00  2.98721688e+00  2.98646702e+00  1.04712855e+04  2.85512892e+01  6.51960650e-01  9.47873960e+03 
 4.02500000e+00  2.98394187e+00  2.98319228e+00  1.05925373e+04  2.81163683e+01  6.58064781e-01  9.57798556e+03 
 4.03000000e+00  2.98063623e+00  2.97988691e+00  1.07151931e+04  2.76880725e+01  6.64210814e-01  9.67815957e+03 
 4.03500000e+00  2.97729976e+00  2.97655071e+00  1.08392691e+04  2.72663009e+01  6.70398713e-01  9.77926797e+03 
 4.04000000e+00  2.97393225e+00  2.97318347e+00  1.09647820e+04  2.68509542e+01  6.76628436e-01  9.88131709e+03 
 4.04500000e+00  2.97053348e+00  2.96978498e+00  1.10917482e+04  2.64419344e+01  6.82899928e-01  9.98431327e+03 
 4.05000000e+00  2.96710325e+00  2.96635503e+00  1.12201845e+04  2.60391452e+01  6.89213129e-01  1.00882628e+04 
 4.05500000e+00  2.96364135e+00  2.96289342e+00  1.13501082e+04  2.56424917e+01  6.95567969e-01  1.01931721e+04 
 4.06000000e+00  2.96014757e+00  2.95939992e+00  1.14815362e+04  2.52518804e+01  7.01964369e-01  1.02990474e+04 
 4.06500000e+00  2.95662170e+00  2.95587435e+00  1.16144861e+04  2.48672193e+01  7.08402242e-01  1.04058949e+04 
 4.07000000e+00  2.95306355e+00  2.95231648e+00  1.17489755e+04  2.44884177e+01  7.14881491e-01  1.05137210e+04 
 4.07500000e+00  2.94947289e+00  2.94872612e+00  1.18850223e+04  2.41153863e+01  7.21402008e-01  1.06225320e+04 
 4.08000000e+00  2.94584953e+00  2.94510305e+00  1.20226443e+04  2.37480374e+01  7.27963680e-01  1.07323340e+04 
 4.08500000e+00  2.94219325e+00  2.94144708e+00  1.21618600e+04  2.33862842e+01  7.34566379e-01  1.08431333e+04 
 4.09000000e+00  2.93850386e+00  2.93775799e+00  1.23026877e+04  2.30300417e+01  7.41209970e-01  1.09549361e+04 
 4.09500000e+00  2.93478115e+00  2.93403559e+00  1.24451461e+04  2.26792257e+01  7.47894308e-01  1.10677486e+04 
 4.10000000e+00  2.93102492e+00  2.93027966e+00  1.25892541e+04  2.23337538e+01  7.54619237e-01  1.11815770e+04 
 4.10500000e+00  2.92723496e+00  2.92649001e+00  1.27350308e+04  2.19935444e+01  7.61384591e-01  1.12964273e+04 
 4.11000000e+00  2.92341107e+00  2.92266644e+00  1.28824955e+04  2.16585174e+01  7.68190193e-01  1.14123057e+04 
 4.11500000e+00  2.91955306e+00  2.91880874e+00  1.30316678e+04  2.13285938e+01  7.75035855e-01  1.15292184e+04 
 4.12000000e+00  2.91566072e+00  2.91491672e+00  1.31825674e+04  2.10036960e+01  7.81921380e-01  1.16471712e+04 
 4.12500000e+00  2.91173384e+00  2.91099017e+00  1.33352143e+04  2.06837473e+01  7.88846558e-01  1.17661703e+04 
 4.13000000e+00  2.90777225e+00  2.90702890e+00  1.34896288e+04  2.03686724e+01  7.95811169e-01  1.18862216e+04 
 4.13500000e+00  2.90377573e+00  2.90303271e+00  1.36458314e+04  2.00583970e+01  8.02814980e-01  1.20073312e+04 
 4.14000000e+00  2.89974410e+00  2.89900141e+00  1.38038426e+04  1.97528481e+01  8.09857748e-01  1.21295049e+04 
 4.14500000e+00  2.89567716e+00  2.89493480e+00  1.39636836e+04  1.94519535e+01  8.16939218e-01  1.22527486e+04 
 4.15000000e+00  2.89157471e+00  2.89083268e+00  1.41253754e+04  1.91556425e+01  8.24059122e-01  1.23770681e+04 
 4.15500000e+00  2.88743656e+00  2.88669488e+00  1.42889396e+04  1.88638452e+01  8.31217183e-01  1.25024693e+04 
 4.16000000e+00  2.88326254e+00  2.88252119e+00  1.44543977e+04  1.85764928e+01  8.38413107e-01  1.26289579e+04 
 4.16500000e+00  2.87905243e+00  2.87831144e+00  1.46217717e+04  1.82935177e+01  8.45646593e-01  1.27565396e+04 
 4.17000000e+00  2.87480607e+00  2.87406542e+00  1.47910839e+04  1.80148530e+01  8.52917323e-01  1.28852202e+04 
 4.17500000e+00  2.87052326e+00  2.86978296e+00  1.49623566e+04  1.77404333e+01  8.60224968e-01  1.30150051e+04 
 4.18000000e+00  2.86620382e+00  2.86546388e+00  1.51356125e+04  1.74701938e+01  8.67569188e-01  1.31459000e+04 
 4.18500000e+00  2.86184757e+00  2.86110798e+00  1.53108746e+04  1.72040709e+01  8.74949627e-01  1.32779104e+04 
 4.19000000e+00  2.85745432e+00  2.85671510e+00  1.54881662e+04  1.69420018e+01  8.82365918e-01  1.34110418e+04 
 4.19500000e+00  2.85302391e+00  2.85228504e+00  1.56675107e+04  1.66839248e+01  8.91706615e-01  1.35452995e+04 
 4.20000000e+00  2.84853726e+00  2.84779876e+00  1.58489319e+04  1.64297791e+01  8.97323289e-01  1.36806889e+04 
 4.20500000e+00  2.84405068e+00  2.84331255e+00  1.60324539e+04  1.61795047e+01  9.02937273e-01  1.38172152e+04 
 4.21000000e+00  2.83950788e+00  2.83877013e+00  1.62181010e+04  1.59330428e+01  9.12363005e-01  1.39548838e+04 
 4.21500000e+00  2.83492705e+00  2.83418966e+00  1.64058977e+04  1.56903353e+01  9.19971153e-01  1.40936998e+04 
 4.22000000e+00  2.83030817e+00  2.82957117e+00  1.65958691e+04  1.54513249e+01  9.27594263e-01  1.42336681e+04 
 4.22500000e+00  2.82565110e+00  2.82491448e+00  1.67880402e+04  1.52159553e+01  9.35250087e-01  1.43747940e+04 
 4.23000000e+00  2.82095567e+00  2.82021944e+00  1.69824365e+04  1.49841711e+01  9.42938331e-01  1.45170822e+04 
 4.23500000e+00  2.81622172e+00  2.81548587e+00  1.71790839e+04  1.47559177e+01  9.50658501e-01  1.46605378e+04 
 4.24000000e+00  2.81144909e+00  2.81071363e+00  1.73780083e+04  1.45311412e+01  9.58410093e-01  1.48051654e+04 
 4.24500000e+00  2.80663762e+00  2.80590256e+00  1.75792361e+04  1.43097888e+01  9.66192585e-01  1.49509698e+04 
 4.25000000e+00  2.80178716e+00  2.80105250e+00  1.77827941e+04  1.40918082e+01  9.74005440e-01  1.50979557e+04 
 4.25500000e+00  2.79689756e+00  2.79616330e+00  1.79887092e+04  1.38771481e+01  9.81848108e-01  1.52461276e+04 
 4.26000000e+00  2.79196868e+00  2.79123482e+00  1.81970086e+04  1.36657579e+01  9.89720022e-01  1.53954900e+04 
 4.26500000e+00  2.78700036e+00  2.78626691e+00  1.84077200e+04  1.34575879e+01  9.97620602e-01  1.55460472e+04 
 4.27000000e+00  2.78199247e+00  2.78125943e+00  1.86208714e+04  1.32525888e+01  1.00554925e+00  1.56978036e+04 
 4.27500000e+00  2.77694487e+00  2.77621224e+00  1.88364909e+04  1.30507125e+01  1.01350536e+00  1.58507633e+04 
 4.28000000e+00  2.77185742e+00  2.77112521e+00  1.90546072e+04  1.28519114e+01  1.02148830e+00  1.60049305e+04 
 4.28500000e+00  2.76672999e+00  2.76599820e+00  1.92752491e+04  1.26561386e+01  1.02949743e+00  1.61603093e+04 
 4.29000000e+00  2.76156245e+00  2.76083108e+00  1.94984460e+04  1.24633481e+01  1.03753209e+00  1.63169034e+04 
 4.29500000e+00  2.75635467e+00  2.75562373e+00  1.97242274e+04  1.22734943e+01  1.04559161e+00  1.64747168e+04 
 4.30000000e+00  2.75110653e+00  2.75037602e+00  1.99526231e+04  1.20865325e+01  1.05367530e+00  1.66337531e+04 
 4.30500000e+00  2.74581792e+00  2.74508784e+00  2.01836636e+04  1.19024187e+01  1.06178246e+00  1.67940159e+04 
 4.31000000e+00  2.74048871e+00  2.73975906e+00  2.04173794e+04  1.17211095e+01  1.06991236e+00  1.69555089e+04 
 4.31500000e+00  2.73511879e+00  2.73438959e+00  2.06538016e+04  1.15425622e+01  1.07806426e+00  1.71182352e+04 
 4.32000000e+00  2.72970806e+00  2.72897931e+00  2.08929613e+04  1.13667347e+01  1.08623743e+00  1.72821983e+04 
 4.32500000e+00  2.72425642e+00  2.72352811e+00  2.11348904e+04  1.11935856e+01  1.09443108e+00  1.74474013e+04 
 4.33000000e+00  2.71876375e+00  2.71803589e+00  2.13796209e+04  1.10230740e+01  1.10264444e+00  1.76138471e+04 
 4.33500000e+00  2.71322997e+00  2.71250257e+00  2.16271852e+04  1.08551599e+01  1.11087670e+00  1.77815389e+04 
 4.34000000e+00  2.70765499e+00  2.70692804e+00  2.18776162e+04  1.06898035e+01  1.11912705e+00  1.79504793e+04 
 4.34500000e+00  2.70203870e+00  2.70131221e+00  2.21309471e+04  1.05269661e+01  1.12739465e+00  1.81206710e+04 
 4.35000000e+00  2.69638104e+00  2.69565501e+00  2.23872114e+04  1.03666091e+01  1.13567867e+00  1.82921166e+04 
 4.35500000e+00  2.69068192e+00  2.68995636e+00  2.26464431e+04  1.02086949e+01  1.14397823e+00  1.84648185e+04 
 4.36000000e+00  2.68494126e+00  2.68421617e+00  2.29086765e+04  1.00531861e+01  1.15229245e+00  1.86387789e+04 
 4.36500000e+00  2.67915899e+00  2.67843438e+00  2.31739465e+04  9.90004626e+00  1.16062044e+00  1.88140002e+04 
 4.37000000e+00  2.67333505e+00  2.67261091e+00  2.34422882e+04  9.74923915e+00  1.16896128e+00  1.89904841e+04 
 4.37500000e+00  2.66746938e+00  2.66674572e+00  2.37137371e+04  9.60072928e+00  1.17731406e+00  1.91682327e+04 
 4.38000000e+00  2.66156191e+00  2.66083874e+00  2.39883292e+04  9.45448166e+00  1.18567781e+00  1.93472477e+04 
 4.38500000e+00  2.65561260e+00  2.65488992e+00  2.42661010e+04  9.31046183e+00  1.19405160e+00  1.95275307e+04 
 4.39000000e+00  2.64962140e+00  2.64889920e+00  2.45470892e+04  9.16863584e+00  1.20243442e+00  1.97090830e+04 
 4.39500000e+00  2.64358826e+00  2.64286656e+00  2.48313311e+04  9.02897029e+00  1.21082531e+00  1.98919060e+04 
 4.40000000e+00  2.63751314e+00  2.63679194e+00  2.51188643e+04  8.89143225e+00  1.21922324e+00  2.00760009e+04 
 4.40500000e+00  2.63139602e+00  2.63067532e+00  2.54097271e+04  8.75598933e+00  1.22762720e+00  2.02613686e+04 
 4.41000000e+00  2.62523687e+00  2.62451668e+00  2.57039578e+04  8.62260961e+00  1.23603615e+00  2.04480100e+04 
 4.41500000e+00  2.61903566e+00  2.61831597e+00  2.60015956e+04  8.49126166e+00  1.24444904e+00  2.06359257e+04 
 4.42000000e+00  2.61279238e+00  2.61207320e+00  2.63026799e+04  8.36191452e+00  1.25286478e+00  2.08251162e+04 
 4.42500000e+00  2.60650701e+00  2.60578835e+00  2.66072506e+04  8.23453773e+00  1.26128232e+00  2.10155820e+04 
 4.43000000e+00  2.60017956e+00  2.59946142e+00  2.69153480e+04  8.10910126e+00  1.26970053e+00  2.12073232e+04 
 4.43500000e+00  2.59381001e+00  2.59309239e+00  2.72270131e+04  7.98557557e+00  1.27811831e+00  2.14003398e+04 
 4.44000000e+00  2.58739837e+00  2.58668128e+00  2.75422870e+04  7.86393153e+00  1.28653453e+00  2.15946316e+04 
 4.44500000e+00  2.58094466e+00  2.58022810e+00  2.78612117e+04  7.74414050e+00  1.29706966e+00  2.17901984e+04 
 4.45000000e+00  2.57442768e+00  2.57371165e+00  2.81838293e+04  7.62617424e+00  1.30337675e+00  2.19870396e+04 
 4.45500000e+00  2.56791090e+00  2.56719540e+00  2.85101827e+04  7.51000496e+00  1.30964087e+00  2.21851546e+04 
 4.46000000e+00  2.56133127e+00  2.56061631e+00  2.88403150e+04  7.39560528e+00  1.32014166e+00  2.23845425e+04 
 4.46500000e+00  2.55470948e+00  2.55399506e+00  2.91742701e+04  7.28294825e+00  1.32855152e+00  2.25852022e+04 
 4.47000000e+00  2.54804575e+00  2.54733188e+00  2.95120923e+04  7.17200731e+00  1.33693403e+00  2.27871327e+04 
 4.47500000e+00  2.54134014e+00  2.54062682e+00  2.98538262e+04  7.06275634e+00  1.34530651e+00  2.29903323e+04 
 4.48000000e+00  2.53459269e+00  2.53387992e+00  3.01995172e+04  6.95516959e+00  1.35366788e+00  2.31947997e+04 
 4.48500000e+00  2.52780346e+00  2.52709125e+00  3.05492111e+04  6.84922170e+00  1.36201690e+00  2.34005329e+04 
 4.49000000e+00  2.52097252e+00  2.52026087e+00  3.09029543e+04  6.74488771e+00  1.37035229e+00  2.36075301e+04 
 4.49500000e+00  2.51409994e+00  2.51338885e+00  3.12607937e+04  6.64214304e+00  1.37867278e+00  2.38157890e+04 
 4.50000000e+00  2.50718579e+00  2.50647527e+00  3.16227766e+04  6.54096347e+00  1.38697708e+00  2.40253073e+04 
 4.50500000e+00  2.50023017e+00  2.49952022e+00  3.19889511e+04  6.44132517e+00  1.39526388e+00  2.42360825e+04 
 4.51000000e+00  2.49323315e+00  2.49252378e+00  3.23593657e+04  6.34320466e+00  1.40353187e+00  2.44481118e+04 
 4.51500000e+00  2.48619485e+00  2.48548605e+00  3.27340695e+04  6.24657881e+00  1.41177973e+00  2.46613922e+04 
 4.52000000e+00  2.47911536e+00  2.47840714e+00  3.31131121e+04  6.15142486e+00  1.42000610e+00  2.48759206e+04 
 4.52500000e+00  2.47199479e+00  2.47128715e+00  3.34965439e+04  6.05772039e+00  1.42820966e+00  2.50916937e+04 
 4.53000000e+00  2.46483326e+00  2.46412621e+00  3.38844156e+04  5.96544332e+00  1.43638904e+00  2.53087079e+04 
 4.53500000e+00  2.45763090e+00  2.45692444e+00  3.42767787e+04  5.87457190e+00  1.44454287e+00  2.55269593e+04 
 4.54000000e+00  2.45038783e+00  2.44968197e+00  3.46736850e+04  5.78508473e+00  1.45266977e+00  2.57464441e+04 
 4.54500000e+00  2.44310420e+00  2.44239893e+00  3.50751874e+04  5.69696070e+00  1.46076836e+00  2.59671580e+04 
 4.55000000e+00  2.43578015e+00  2.43507548e+00  3.54813389e+04  5.61017907e+00  1.46883723e+00  2.61890967e+04 
 4.55500000e+00  2.42841583e+00  2.42771176e+00  3.58921935e+04  5.52471938e+00  1.47687500e+00  2.64122556e+04 
 4.56000000e+00  2.42101140e+00  2.42030794e+00  3.63078055e+04  5.44056150e+00  1.48488024e+00  2.66366298e+04 
 4.56500000e+00  2.41356702e+00  2.41286418e+00  3.67282300e+04  5.35768559e+00  1.49285153e+00  2.68622142e+04 
 4.57000000e+00  2.40608288e+00  2.40538065e+00  3.71535229e+04  5.27607212e+00  1.50078744e+00  2.70890037e+04 
 4.57500000e+00  2.39855915e+00  2.39785753e+00  3.75837404e+04  5.19570188e+00  1.50868655e+00  2.73169928e+04 
 4.58000000e+00  2.39099602e+00  2.39029502e+00  3.80189396e+04  5.11655591e+00  1.51654741e+00  2.75461757e+04 
 4.58500000e+00  2.38339368e+00  2.38269330e+00  3.84591782e+04  5.03861556e+00  1.52436857e+00  2.77765466e+04 
 4.59000000e+00  2.37575233e+00  2.37505258e+00  3.89045145e+04  4.96186248e+00  1.53214857e+00  2.80080994e+04 
 4.59500000e+00  2.36807219e+00  2.36737307e+00  3.93550075e+04  4.88627858e+00  1.53988597e+00  2.82408277e+04 
 4.60000000e+00  2.36035347e+00  2.35965499e+00  3.98107171e+04  4.81184605e+00  1.54757930e+00  2.84747249e+04 
 4.60500000e+00  2.35259640e+00  2.35189855e+00  4.02717034e+04  4.73854734e+00  1.55522710e+00  2.87097843e+04 
 4.61000000e+00  2.34480120e+00  2.34410399e+00  4.07380278e+04  4.66636519e+00  1.56282789e+00  2.89459988e+04 
 4.61500000e+00  2.33696812e+00  2.33627155e+00  4.12097519e+04  4.59528259e+00  1.57038019e+00  2.91833612e+04 
 4.62000000e+00  2.32909740e+00  2.32840147e+00  4.16869383e+04  4.52528279e+00  1.57788255e+00  2.94218640e+04 
 4.62500000e+00  2.32118929e+00  2.32049402e+00  4.21696503e+04  4.45634929e+00  1.58533347e+00  2.96614997e+04 
 4.63000000e+00  2.31324406e+00  2.31254944e+00  4.26579519e+04  4.38846586e+00  1.59273148e+00  2.99022601e+04 
 4.63500000e+00  2.30526198e+00  2.30456801e+00  4.31519077e+04  4.32161649e+00  1.60007510e+00  3.01441374e+04 
 4.64000000e+00  2.29724331e+00  2.29655000e+00  4.36515832e+04  4.25578543e+00  1.60736284e+00  3.03871230e+04 
 4.64500000e+00  2.28918835e+00  2.28849570e+00  4.41570447e+04  4.19095718e+00  1.61459323e+00  3.06312084e+04 
 4.65000000e+00  2.28109738e+00  2.28040539e+00  4.46683592e+04  4.12711646e+00  1.62176479e+00  3.08763848e+04 
 4.65500000e+00  2.27297070e+00  2.27227938e+00  4.51855944e+04  4.06424822e+00  1.62887604e+00  3.11226431e+04 
 4.66000000e+00  2.26480862e+00  2.26411796e+00  4.57088190e+04  4.00233764e+00  1.63592549e+00  3.13699742e+04 
 4.66500000e+00  2.25661145e+00  2.25592146e+00  4.62381021e+04  3.94137016e+00  1.64291169e+00  3.16183686e+04 
 4.67000000e+00  2.24837950e+00  2.24769019e+00  4.67735141e+04  3.88133138e+00  1.64983315e+00  3.18678165e+04 
 4.67500000e+00  2.24011311e+00  2.23942448e+00  4.73151259e+04  3.82220718e+00  1.65668841e+00  3.21183080e+04 
 4.68000000e+00  2.23181262e+00  2.23112467e+00  4.78630092e+04  3.76398361e+00  1.66347600e+00  3.23698331e+04 
 4.68500000e+00  2.22347835e+00  2.22279109e+00  4.84172368e+04  3.70664696e+00  1.67019447e+00  3.26223812e+04 
 4.69000000e+00  2.21511067e+00  2.21442409e+00  4.89778819e+04  3.65018372e+00  1.67684235e+00  3.28759419e+04 
 4.69500000e+00  2.20670993e+00  2.20602404e+00  4.95450191e+04  3.59458058e+00  1.68341822e+00  3.31305044e+04 
 4.70000000e+00  2.19827649e+00  2.19759129e+00  5.01187234e+04  3.53982444e+00  1.68992061e+00  3.33860575e+04 
 4.70500000e+00  2.18981073e+00  2.18912622e+00  5.06990708e+04  3.48590240e+00  1.69634810e+00  3.36425902e+04 
 4.71000000e+00  2.18131301e+00  2.18062920e+00  5.12861384e+04  3.43280176e+00  1.70269927e+00  3.39000909e+04 
 4.71500000e+00  2.17278373e+00  2.17210062e+00  5.18800039e+04  3.38050999e+00  1.70897269e+00  3.41585479e+04 
 4.72000000e+00  2.16422328e+00  2.16354087e+00  5.24807460e+04  3.32901478e+00  1.71516695e+00  3.44179494e+04 
 4.72500000e+00  2.15563206e+00  2.15495036e+00  5.30884444e+04  3.27830400e+00  1.72128067e+00  3.46782833e+04 
 4.73000000e+00  2.14701048e+00  2.14632948e+00  5.37031796e+04  3.22836569e+00  1.72731244e+00  3.49395372e+04 
 4.73500000e+00  2.13835894e+00  2.13767865e+00  5.43250331e+04  3.17918810e+00  1.73326089e+00  3.52016987e+04 
 4.74000000e+00  2.12967787e+00  2.12899829e+00  5.49540874e+04  3.13075962e+00  1.73912466e+00  3.54647550e+04 
 4.74500000e+00  2.12096769e+00  2.12028883e+00  5.55904257e+04  3.08306885e+00  1.74490239e+00  3.57286931e+04 
 4.75000000e+00  2.11222884e+00  2.11155069e+00  5.62341325e+04  3.03610456e+00  1.75059274e+00  3.59935000e+04 
 4.75500000e+00  2.10346176e+00  2.10278433e+00  5.68852931e+04  2.98985567e+00  1.75619439e+00  3.62591623e+04 
 4.76000000e+00  2.09466690e+00  2.09399019e+00  5.75439937e+04  2.94431129e+00  1.76170601e+00  3.65256665e+04 
 4.76500000e+00  2.08584470e+00  2.08516872e+00  5.82103218e+04  2.89946068e+00  1.76712631e+00  3.67929988e+04 
 4.77000000e+00  2.07699564e+00  2.07632038e+00  5.88843655e+04  2.85529328e+00  1.77245401e+00  3.70611453e+04 
 4.77500000e+00  2.06812016e+00  2.06744563e+00  5.95662144e+04  2.81179869e+00  1.77768784e+00  3.73300918e+04 
 4.78000000e+00  2.05921876e+00  2.05854495e+00  6.02559586e+04  2.76896664e+00  1.78282654e+00  3.75998241e+04 
 4.78500000e+00  2.05029190e+00  2.04961883e+00  6.09536897e+04  2.72678706e+00  1.78786889e+00  3.78703277e+04 
 4.79000000e+00  2.04134007e+00  2.04066773e+00  6.16595002e+04  2.68524999e+00  1.79281367e+00  3.81415878e+04 
 4.79500000e+00  2.03236376e+00  2.03169216e+00  6.23734835e+04  2.64434566e+00  1.79765968e+00  3.84135896e+04 
 4.80000000e+00  2.02336347e+00  2.02269261e+00  6.30957344e+04  2.60406442e+00  1.80240574e+00  3.86863180e+04 
 4.80500000e+00  2.01433970e+00  2.01366958e+00  6.38263486e+04  2.56439679e+00  1.80705069e+00  3.89597578e+04 
 4.81000000e+00  2.00529297e+00  2.00462358e+00  6.45654229e+04  2.52533341e+00  1.81159340e+00  3.92338936e+04 
 4.81500000e+00  1.99622377e+00  1.99555513e+00  6.53130553e+04  2.48686508e+00  1.81603274e+00  3.95087098e+04 
 4.82000000e+00  1.98713264e+00  1.98646474e+00  6.60693448e+04  2.44898274e+00  1.82036762e+00  3.97841907e+04 
 4.82500000e+00  1.97802009e+00  1.97735295e+00  6.68343918e+04  2.41167746e+00  1.82459697e+00  4.00603203e+04 
 4.83000000e+00  1.96888667e+00  1.96822027e+00  6.76082975e+04  2.37494045e+00  1.82871972e+00  4.03370827e+04 
 4.83500000e+00  1.95973290e+00  1.95906725e+00  6.83911647e+04  2.33876305e+00  1.83273485e+00  4.06144615e+04 
 4.84000000e+00  1.95055932e+00  1.94989442e+00  6.91830971e+04  2.30313674e+00  1.83664136e+00  4.08924404e+04 
 4.84500000e+00  1.94136648e+00  1.94070234e+00  6.99841996e+04  2.26805313e+00  1.84043825e+00  4.11710028e+04 
 4.85000000e+00  1.93215494e+00  1.93149155e+00  7.07945784e+04  2.23350394e+00  1.84412458e+00  4.14501321e+04 
 4.85500000e+00  1.92292524e+00  1.92226260e+00  7.16143410e+04  2.19948105e+00  1.84769941e+00  4.17298115e+04 
 4.86000000e+00  1.91367794e+00  1.91301607e+00  7.24435960e+04  2.16597642e+00  1.85116183e+00  4.20100240e+04 
 4.86500000e+00  1.90441362e+00  1.90375250e+00  7.32824533e+04  2.13298216e+00  1.85451096e+00  4.22907524e+04 
 4.87000000e+00  1.89513283e+00  1.89447248e+00  7.41310241e+04  2.10049051e+00  1.85774595e+00  4.25719796e+04 
 4.87500000e+00  1.88583616e+00  1.88517657e+00  7.49894209e+04  2.06849380e+00  1.86086597e+00  4.28536883e+04 
 4.88000000e+00  1.87652417e+00  1.87586534e+00  7.58577575e+04  2.03698450e+00  1.86387021e+00  4.31358608e+04 
 4.88500000e+00  1.86719746e+00  1.86653939e+00  7.67361489e+04  2.00595517e+00  1.86675791e+00  4.34184797e+04 
 4.89000000e+00  1.85785660e+00  1.85719929e+00  7.76247117e+04  1.97539852e+00  1.86952831e+00  4.37015272e+04 
 4.89500000e+00  1.84850218e+00  1.84784564e+00  7.85235635e+04  1.94530733e+00  1.87218071e+00  4.39849855e+04 
 4.90000000e+00  1.83913479e+00  1.83847902e+00  7.94328235e+04  1.91567452e+00  1.87471441e+00  4.42688366e+04 
 4.90500000e+00  1.82975503e+00  1.82910003e+00  8.03526122e+04  1.88649311e+00  1.87712876e+00  4.45530626e+04 
 4.91000000e+00  1.82036350e+00  1.81970927e+00  8.12830516e+04  1.85775622e+00  1.87942314e+00  4.48376453e+04 
 4.91500000e+00  1.81096080e+00  1.81030734e+00  8.22242650e+04  1.82945707e+00  1.88159693e+00  4.51225664e+04 
 4.92000000e+00  1.80154753e+00  1.80089485e+00  8.31763771e+04  1.80158901e+00  1.88364958e+00  4.54078077e+04 
 4.92500000e+00  1.79212430e+00  1.79147239e+00  8.41395142e+04  1.77414546e+00  1.88558054e+00  4.56933508e+04 
 4.93000000e+00  1.78269173e+00  1.78204059e+00  8.51138038e+04  1.74711995e+00  1.88738932e+00  4.59791772e+04 
 4.93500000e+00  1.77325041e+00  1.77260004e+00  8.60993752e+04  1.72050613e+00  1.88907543e+00  4.62652683e+04 
 4.94000000e+00  1.76380097e+00  1.76315138e+00  8.70963590e+04  1.69429771e+00  1.89063844e+00  4.65516055e+04 
 4.94500000e+00  1.75434403e+00  1.75369521e+00  8.81048873e+04  1.66848852e+00  1.89207793e+00  4.68381702e+04 
 4.95000000e+00  1.74488019e+00  1.74423215e+00  8.91250938e+04  1.64307249e+00  1.89339353e+00  4.71249436e+04 
 4.95500000e+00  1.73541009e+00  1.73476283e+00  9.01571138e+04  1.61804361e+00  1.89458488e+00  4.74119069e+04 
 4.96000000e+00  1.72593434e+00  1.72528786e+00  9.12010839e+04  1.59339600e+00  1.89565167e+00  4.76990413e+04 
 4.96500000e+00  1.71645357e+00  1.71580786e+00  9.22571427e+04  1.56912385e+00  1.89659363e+00  4.79863278e+04 
 4.97000000e+00  1.70696841e+00  1.70632347e+00  9.33254301e+04  1.54522143e+00  1.89741050e+00  4.82737476e+04 
 4.97500000e+00  1.69747947e+00  1.69683531e+00  9.44060876e+04  1.52168312e+00  1.89810206e+00  4.85612816e+04 
 4.98000000e+00  1.68798739e+00  1.68734401e+00  9.54992586e+04  1.49850337e+00  1.89866813e+00  4.88489109e+04 
 4.98500000e+00  1.67849279e+00  1.67785019e+00  9.66050879e+04  1.47567671e+00  1.89910857e+00  4.91366164e+04 
 4.99000000e+00  1.66899630e+00  1.66835448e+00  9.77237221e+04  1.45319777e+00  1.89942326e+00  4.94243792e+04 
 4.99500000e+00  1.65949856e+00  1.65885751e+00  9.88553095e+04  1.43106126e+00  1.89963339e+00  4.97121800e+04 
 5.00000000e+00  1.64999997e+00  1.64935970e+00  1.00000000e+05  1.40926194e+00  1.89967519e+00  5.00000000e+04 
 5.00500000e+00  1.64050180e+00  1.63986232e+00  1.01157945e+05  1.38779470e+00  1.89959083e+00  5.02878200e+04 
 5.01000000e+00  1.63100406e+00  1.63036535e+00  1.02329299e+05  1.36665446e+00  1.89942316e+00  5.05756208e+04 
 5.01500000e+00  1.62150757e+00  1.62086964e+00  1.03514217e+05  1.34583626e+00  1.89910861e+00  5.08633836e+04 
 5.02000000e+00  1.61201297e+00  1.61137582e+00  1.04712855e+05  1.32533517e+00  1.89866819e+00  5.11510891e+04 
 5.02500000e+00  1.60252089e+00  1.60188452e+00  1.05925373e+05  1.30514638e+00  1.89810213e+00  5.14387184e+04 
 5.03000000e+00  1.59303195e+00  1.59239636e+00  1.07151931e+05  1.28526513e+00  1.89741058e+00  5.17262524e+04 
 5.03500000e+00  1.58354678e+00  1.58291197e+00  1.08392691e+05  1.26568672e+00  1.89659373e+00  5.20136722e+04 
 5.04000000e+00  1.57406601e+00  1.57343197e+00  1.09647820e+05  1.24640655e+00  1.89565179e+00  5.23009587e+04 
 5.04500000e+00  1.56459027e+00  1.56395700e+00  1.10917482e+05  1.22742008e+00  1.89458500e+00  5.25880931e+04 
 5.05000000e+00  1.55512016e+00  1.55448768e+00  1.12201845e+05  1.20872283e+00  1.89339367e+00  5.28750564e+04 
 5.05500000e+00  1.54565633e+00  1.54502462e+00  1.13501082e+05  1.19031039e+00  1.89207809e+00  5.31618298e+04 
 5.06000000e+00  1.53619938e+00  1.53556845e+00  1.14815362e+05  1.17217843e+00  1.89063861e+00  5.34483945e+04 
 5.06500000e+00  1.52674994e+00  1.52611978e+00  1.16144861e+05  1.15432267e+00  1.88907561e+00  5.37347317e+04 
 5.07000000e+00  1.51730863e+00  1.51667924e+00  1.17489755e+05  1.13673890e+00  1.88738951e+00  5.40208228e+04 
 5.07500000e+00  1.50787605e+00  1.50724743e+00  1.18850223e+05  1.11942299e+00  1.88558075e+00  5.43066492e+04 
 5.08000000e+00  1.49845282e+00  1.49782498e+00  1.20226443e+05  1.10237086e+00  1.88364980e+00  5.45921923e+04 
 5.08500000e+00  1.48903955e+00  1.48841248e+00  1.21618600e+05  1.08557848e+00  1.88159716e+00  5.48774336e+04 
 5.09000000e+00  1.47963685e+00  1.47901055e+00  1.23026877e+05  1.06904189e+00  1.87942338e+00  5.51623547e+04 
 5.09500000e+00  1.47024532e+00  1.46961978e+00  1.24451461e+05  1.05275721e+00  1.87712902e+00  5.54469374e+04 
 5.10000000e+00  1.46086556e+00  1.46024079e+00  1.25892541e+05  1.03672059e+00  1.87471468e+00  5.57311634e+04 
 5.10500000e+00  1.45149817e+00  1.45087417e+00  1.27350308e+05  1.02092826e+00  1.87218099e+00  5.60150145e+04 
 5.11000000e+00  1.44214375e+00  1.44152052e+00  1.28824955e+05  1.00537649e+00  1.86952861e+00  5.62984728e+04 
 5.11500000e+00  1.43280288e+00  1.43218042e+00  1.30316678e+05  9.90061616e-01  1.86675821e+00  5.65815203e+04 
 5.12000000e+00  1.42347617e+00  1.42285447e+00  1.31825674e+05  9.74980038e-01  1.86387053e+00  5.68641392e+04 
 5.12500000e+00  1.41416418e+00  1.41354324e+00  1.33352143e+05  9.60128196e-01  1.86086630e+00  5.71463117e+04 
 5.13000000e+00  1.40486750e+00  1.40424733e+00  1.34896288e+05  9.45502592e-01  1.85774630e+00  5.74280204e+04 
 5.13500000e+00  1.39558672e+00  1.39496730e+00  1.36458314e+05  9.31099779e-01  1.85451132e+00  5.77092476e+04 
 5.14000000e+00  1.38632239e+00  1.38570374e+00  1.38038426e+05  9.16916364e-01  1.85116220e+00  5.79899760e+04 
 5.14500000e+00  1.37707509e+00  1.37645720e+00  1.39636836e+05  9.02949005e-01  1.84769979e+00  5.82701885e+04 
 5.15000000e+00  1.36784539e+00  1.36722825e+00  1.41253754e+05  8.89194410e-01  1.84412497e+00  5.85498679e+04 
 5.15500000e+00  1.35863384e+00  1.35801746e+00  1.42889396e+05  8.75649338e-01  1.84043865e+00  5.88289972e+04 
 5.16000000e+00  1.34944101e+00  1.34882537e+00  1.44543977e+05  8.62310598e-01  1.83664177e+00  5.91075596e+04 
 5.16500000e+00  1.34026743e+00  1.33965255e+00  1.46217717e+05  8.49175047e-01  1.83273527e+00  5.93855385e+04 
 5.17000000e+00  1.33111365e+00  1.33049952e+00  1.47910839e+05  8.36239589e-01  1.82872015e+00  5.96629173e+04 
 5.17500000e+00  1.32198022e+00  1.32136684e+00  1.49623566e+05  8.23501176e-01  1.82459741e+00  5.99396797e+04 
 5.18000000e+00  1.31286768e+00  1.31225504e+00  1.51356125e+05  8.10956807e-01  1.82036808e+00  6.02158093e+04 
 5.18500000e+00  1.30377654e+00  1.30316466e+00  1.53108746e+05  7.98603527e-01  1.81603321e+00  6.04912902e+04 
 5.19000000e+00  1.29470735e+00  1.29409620e+00  1.54881662e+05  7.86438423e-01  1.81159387e+00  6.07661064e+04 
 5.19500000e+00  1.28566061e+00  1.28505020e+00  1.56675107e+05  7.74458630e-01  1.80705118e+00  6.10402422e+04 
 5.20000000e+00  1.27663683e+00  1.27602717e+00  1.58489319e+05  7.62661325e-01  1.80240623e+00  6.13136820e+04 
 5.20500000e+00  1.26763654e+00  1.26702762e+00  1.60324539e+05  7.51043728e-01  1.79766018e+00  6.15864104e+04 
 5.21000000e+00  1.25866023e+00  1.25805204e+00  1.62181010e+05  7.39603102e-01  1.79281418e+00  6.18584122e+04 
 5.21500000e+00  1.24970840e+00  1.24910094e+00  1.64058977e+05  7.28336750e-01  1.78786941e+00  6.21296723e+04 
 5.22000000e+00  1.24078154e+00  1.24017481e+00  1.65958691e+05  7.17242018e-01  1.78282707e+00  6.24001759e+04 
 5.22500000e+00  1.23188013e+00  1.23127413e+00  1.67880402e+05  7.06316292e-01  1.77768837e+00  6.26699082e+04 
 5.23000000e+00  1.22300465e+00  1.22239939e+00  1.69824365e+05  6.95556997e-01  1.77245455e+00  6.29388547e+04 
 5.23500000e+00  1.21415558e+00  1.21355104e+00  1.71790839e+05  6.84961598e-01  1.76712686e+00  6.32070012e+04 
 5.24000000e+00  1.20533339e+00  1.20472957e+00  1.73780083e+05  6.74527599e-01  1.76170656e+00  6.34743335e+04 
 5.24500000e+00  1.19653852e+00  1.19593542e+00  1.75792361e+05  6.64252540e-01  1.75619495e+00  6.37408377e+04 
 5.25000000e+00  1.18777144e+00  1.18716906e+00  1.77827941e+05  6.54134001e-01  1.75059331e+00  6.40065000e+04 
 5.25500000e+00  1.17903259e+00  1.17843092e+00  1.79887092e+05  6.44169597e-01  1.74490297e+00  6.42713069e+04 
 5.26000000e+00  1.17032241e+00  1.16972146e+00  1.81970086e+05  6.34356981e-01  1.73912524e+00  6.45352450e+04 
 5.26500000e+00  1.16164133e+00  1.16104109e+00  1.84077200e+05  6.24693840e-01  1.73326148e+00  6.47983013e+04 
 5.27000000e+00  1.15298979e+00  1.15239026e+00  1.86208714e+05  6.15177898e-01  1.72731303e+00  6.50604628e+04 
 5.27500000e+00  1.14436820e+00  1.14376938e+00  1.88364909e+05  6.05806911e-01  1.72128127e+00  6.53217167e+04 
 5.28000000e+00  1.13577698e+00  1.13517886e+00  1.90546072e+05  5.96578673e-01  1.71516756e+00  6.55820506e+04 
 5.28500000e+00  1.12721653e+00  1.12661911e+00  1.92752491e+05  5.87491008e-01  1.70897330e+00  6.58414521e+04 
 5.29000000e+00  1.11868725e+00  1.11809053e+00  1.94984460e+05  5.78541775e-01  1.70269988e+00  6.60999091e+04 
 5.29500000e+00  1.11018953e+00  1.10959351e+00  1.97242274e+05  5.69728866e-01  1.69634872e+00  6.63574098e+04 
 5.30000000e+00  1.10172376e+00  1.10112843e+00  1.99526231e+05  5.61050203e-01  1.68992123e+00  6.66139425e+04 
 5.30500000e+00  1.09329032e+00  1.09269568e+00  2.01836636e+05  5.52503742e-01  1.68341884e+00  6.68694956e+04 
 5.31000000e+00  1.08488957e+00  1.08429562e+00  2.04173794e+05  5.44087469e-01  1.67684299e+00  6.71240581e+04 
 5.31500000e+00  1.07652189e+00  1.07592862e+00  2.06538016e+05  5.35799401e-01  1.67019510e+00  6.73776188e+04 
 5.32000000e+00  1.06818762e+00  1.06759504e+00  2.08929613e+05  5.27637585e-01  1.66347664e+00  6.76301669e+04 
 5.32500000e+00  1.05988712e+00  1.05929522e+00  2.11348904e+05  5.19600097e-01  1.65668905e+00  6.78816920e+04 
 5.33000000e+00  1.05162073e+00  1.05102951e+00  2.13796209e+05  5.11685045e-01  1.64983379e+00  6.81321835e+04 
 5.33500000e+00  1.04338878e+00  1.04279824e+00  2.16271852e+05  5.03890562e-01  1.64291234e+00  6.83816314e+04 
 5.34000000e+00  1.03519161e+00  1.03460173e+00  2.18776162e+05  4.96214812e-01  1.63592614e+00  6.86300258e+04 
 5.34500000e+00  1.02702952e+00  1.02644031e+00  2.21309471e+05  4.88655987e-01  1.62887669e+00  6.88773569e+04 
 5.35000000e+00  1.01890284e+00  1.01831430e+00  2.23872114e+05  4.81212305e-01  1.62176544e+00  6.91236152e+04 
 5.35500000e+00  1.01081187e+00  1.01022399e+00  2.26464431e+05  4.73882012e-01  1.61459389e+00  6.93687916e+04 
 5.36000000e+00  1.00275690e+00  1.00216968e+00  2.29086765e+05  4.66663382e-01  1.60736350e+00  6.96128770e+04 
 5.36500000e+00  9.94738232e-01  9.94151672e-01  2.31739465e+05  4.59554712e-01  1.60007575e+00  6.98558626e+04 
 5.37000000e+00  9.86756143e-01  9.86170237e-01  2.34422882e+05  4.52554329e-01  1.59273214e+00  7.00977399e+04 
 5.37500000e+00  9.78810910e-01  9.78225656e-01  2.37137371e+05  4.45660583e-01  1.58533413e+00  7.03385003e+04 
 5.38000000e+00  9.70902802e-01  9.70318195e-01  2.39883292e+05  4.38871848e-01  1.57788321e+00  7.05781360e+04 
 5.38500000e+00  9.63032078e-01  9.62448117e-01  2.42661010e+05  4.32186527e-01  1.57038086e+00  7.08166388e+04 
 5.39000000e+00  9.55198993e-01  9.54615674e-01  2.45470892e+05  4.25603042e-01  1.56282855e+00  7.10540012e+04 
 5.39500000e+00  9.47403793e-01  9.46821112e-01  2.48313311e+05  4.19119844e-01  1.55522776e+00  7.12902157e+04 
 5.40000000e+00  9.39646716e-01  9.39064671e-01  2.51188643e+05  4.12735404e-01  1.54757997e+00  7.15252751e+04 
 5.40500000e+00  9.31927993e-01  9.31346581e-01  2.54097271e+05  4.06448218e-01  1.53988664e+00  7.17591723e+04 
 5.41000000e+00  9.24247849e-01  9.23667067e-01  2.57039578e+05  4.00256804e-01  1.53214923e+00  7.19919006e+04 
 5.41500000e+00  9.16606501e-01  9.16026344e-01  2.60015956e+05  3.94159705e-01  1.52436923e+00  7.22234534e+04 
 5.42000000e+00  9.09004157e-01  9.08424624e-01  2.63026799e+05  3.88155482e-01  1.51654807e+00  7.24538243e+04 
 5.42500000e+00  9.01441020e-01  9.00862107e-01  2.66072506e+05  3.82242721e-01  1.50868721e+00  7.26830072e+04 
 5.43000000e+00  8.93917285e-01  8.93338988e-01  2.69153480e+05  3.76420029e-01  1.50078810e+00  7.29109963e+04 
 5.43500000e+00  8.86433139e-01  8.85855456e-01  2.72270131e+05  3.70686034e-01  1.49285218e+00  7.31377858e+04 
 5.44000000e+00  8.78988763e-01  8.78411690e-01  2.75422870e+05  3.65039385e-01  1.48488089e+00  7.33633702e+04 
 5.44500000e+00  8.71584330e-01  8.71007864e-01  2.78612117e+05  3.59478751e-01  1.47687565e+00  7.35877444e+04 
 5.45000000e+00  8.64220006e-01  8.63644144e-01  2.81838293e+05  3.54002822e-01  1.46883788e+00  7.38109033e+04 
 5.45500000e+00  8.56895951e-01  8.56320689e-01  2.85101827e+05  3.48610307e-01  1.46076900e+00  7.40328420e+04 
 5.46000000e+00  8.49612316e-01  8.49037651e-01  2.88403150e+05  3.43299937e-01  1.45267041e+00  7.42535559e+04 
 5.46500000e+00  8.42369247e-01  8.41795175e-01  2.91742701e+05  3.38070459e-01  1.44454351e+00  7.44730407e+04 
 5.47000000e+00  8.35166881e-01  8.34593400e-01  2.95120923e+05  3.32920642e-01  1.43638968e+00  7.46912921e+04 
 5.47500000e+00  8.28005350e-01  8.27432456e-01  2.98538262e+05  3.27849272e-01  1.42821030e+00  7.49083063e+04 
 5.48000000e+00  8.20884778e-01  8.20312468e-01  3.01995172e+05  3.22855154e-01  1.42000674e+00  7.51240794e+04 
 5.48500000e+00  8.13805283e-01  8.13233552e-01  3.05492111e+05  3.17937111e-01  1.41178036e+00  7.53386078e+04 
 5.49000000e+00  8.06766975e-01  8.06195821e-01  3.09029543e+05  3.13093985e-01  1.40353250e+00  7.55518882e+04 
 5.49500000e+00  7.99769958e-01  7.99199378e-01  3.12607937e+05  3.08324633e-01  1.39526451e+00  7.57639175e+04 
 5.50000000e+00  7.92814330e-01  7.92244319e-01  3.16227766e+05  3.03627933e-01  1.38697770e+00  7.59746927e+04 
 5.50500000e+00  7.85900181e-01  7.85330737e-01  3.19889511e+05  2.99002778e-01  1.37867340e+00  7.61842110e+04 
 5.51000000e+00  7.79027596e-01  7.78458715e-01  3.23593657e+05  2.94448078e-01  1.37035291e+00  7.63924699e+04 
 5.51500000e+00  7.72196652e-01  7.71628332e-01  3.27340695e+05  2.89962759e-01  1.36201751e+00  7.65994671e+04 
 5.52000000e+00  7.65407421e-01  7.64839656e-01  3.31131121e+05  2.85545765e-01  1.35366849e+00  7.68052003e+04 
 5.52500000e+00  7.58659967e-01  7.58092756e-01  3.34965439e+05  2.81196055e-01  1.34530711e+00  7.70096677e+04 
 5.53000000e+00  7.51954350e-01  7.51387688e-01  3.38844156e+05  2.76912604e-01  1.33693463e+00  7.72128673e+04 
 5.53500000e+00  7.45290621e-01  7.44724506e-01  3.42767787e+05  2.72694403e-01  1.32855228e+00  7.74147978e+04 
 5.54000000e+00  7.38668827e-01  7.38103254e-01  3.46736850e+05  2.68540457e-01  1.32016130e+00  7.76154575e+04 
 5.54500000e+00  7.32089008e-01  7.31523974e-01  3.50751874e+05  2.64449788e-01  1.31176290e+00  7.78148454e+04 
 5.55000000e+00  7.25551198e-01  7.24986700e-01  3.54813389e+05  2.60421433e-01  1.30335828e+00  7.80129604e+04 
 5.55500000e+00  7.19055425e-01  7.18491460e-01  3.58921935e+05  2.56454441e-01  1.29494862e+00  7.82098016e+04 
 5.56000000e+00  7.12601712e-01  7.12038275e-01  3.63078055e+05  2.52547878e-01  1.28653510e+00  7.84053684e+04 
 5.56500000e+00  7.06190074e-01  7.05627163e-01  3.67282300e+05  2.48700824e-01  1.27811887e+00  7.85996602e+04 
 5.57000000e+00  6.99820523e-01  6.99258134e-01  3.71535229e+05  2.44912372e-01  1.26970109e+00  7.87926768e+04 
 5.57500000e+00  6.93493063e-01  6.92931193e-01  3.75837404e+05  2.41181629e-01  1.26128287e+00  7.89844180e+04 
 5.58000000e+00  6.87207694e-01  6.86646339e-01  3.80189396e+05  2.37507716e-01  1.25286533e+00  7.91748838e+04 
 5.58500000e+00  6.80964410e-01  6.80403567e-01  3.84591782e+05  2.33889768e-01  1.24444958e+00  7.93640743e+04 
 5.59000000e+00  6.74763198e-01  6.74202863e-01  3.89045145e+05  2.30326933e-01  1.23603669e+00  7.95519900e+04 
 5.59500000e+00  6.68604043e-01  6.68044213e-01  3.93550075e+05  2.26818369e-01  1.22762774e+00  7.97386314e+04 
 5.60000000e+00  6.62486921e-01  6.61927592e-01  3.98107171e+05  2.23363252e-01  1.21922377e+00  7.99239991e+04 
 5.60500000e+00  6.56411805e-01  6.55852974e-01  4.02717034e+05  2.19960766e-01  1.21082583e+00  8.01080940e+04 
 5.61000000e+00  6.50378663e-01  6.49820326e-01  4.07380278e+05  2.16610110e-01  1.20243494e+00  8.02909170e+04 
 5.61500000e+00  6.44387456e-01  6.43829610e-01  4.12097519e+05  2.13310495e-01  1.19405211e+00  8.04724693e+04 
 5.62000000e+00  6.38438142e-01  6.37880784e-01  4.16869383e+05  2.10061143e-01  1.18567832e+00  8.06527523e+04 
 5.62500000e+00  6.32530673e-01  6.31973799e-01  4.21696503e+05  2.06861288e-01  1.17731456e+00  8.08317673e+04 
 5.63000000e+00  6.26664996e-01  6.26108603e-01  4.26579519e+05  2.03710176e-01  1.16896178e+00  8.10095159e+04 
 5.63500000e+00  6.20841055e-01  6.20285139e-01  4.31519077e+05  2.00607065e-01  1.16062093e+00  8.11859998e+04 
 5.64000000e+00  6.15058787e-01  6.14503345e-01  4.36515832e+05  1.97551224e-01  1.15229293e+00  8.13612211e+04 
 5.64500000e+00  6.09318125e-01  6.08763154e-01  4.41570447e+05  1.94541932e-01  1.14397871e+00  8.15351815e+04 
 5.65000000e+00  6.03619000e-01  6.03064496e-01  4.46683592e+05  1.91578480e-01  1.13567914e+00  8.17078834e+04 
 5.65500000e+00  5.97961334e-01  5.97407294e-01  4.51855944e+05  1.88660171e-01  1.12739512e+00  8.18793290e+04 
 5.66000000e+00  5.92345048e-01  5.91791468e-01  4.57088190e+05  1.85786316e-01  1.11912751e+00  8.20495207e+04 
 5.66500000e+00  5.86770059e-01  5.86216936e-01  4.62381021e+05  1.82956239e-01  1.11087715e+00  8.22184611e+04 
 5.67000000e+00  5.81236277e-01  5.80683607e-01  4.67735141e+05  1.80169272e-01  1.10264489e+00  8.23861529e+04 
 5.67500000e+00  5.75743610e-01  5.75191391e-01  4.73151259e+05  1.77424759e-01  1.09443152e+00  8.25525987e+04 
 5.68000000e+00  5.70291962e-01  5.69740189e-01  4.78630092e+05  1.74722053e-01  1.08623787e+00  8.27178017e+04 
 5.68500000e+00  5.64881231e-01  5.64329902e-01  4.84172368e+05  1.72060517e-01  1.07806470e+00  8.28817648e+04 
 5.69000000e+00  5.59511315e-01  5.58960426e-01  4.89778819e+05  1.69439524e-01  1.06991278e+00  8.30444911e+04 
 5.69500000e+00  5.54182104e-01  5.53631651e-01  4.95450191e+05  1.66858457e-01  1.06178288e+00  8.32059841e+04 
 5.70000000e+00  5.48893486e-01  5.48343467e-01  5.01187234e+05  1.64316707e-01  1.05367572e+00  8.33662469e+04 
 5.70500000e+00  5.43645346e-01  5.43095758e-01  5.06990708e+05  1.61813676e-01  1.04559202e+00  8.35252832e+04 
 5.71000000e+00  5.38437566e-01  5.37888404e-01  5.12861384e+05  1.59348773e-01  1.03753249e+00  8.36830966e+04 
 5.71500000e+00  5.33270021e-01  5.32721283e-01  5.18800039e+05  1.56921418e-01  1.02949783e+00  8.38396907e+04 
 5.72000000e+00  5.28142587e-01  5.27594270e-01  5.24807460e+05  1.54531039e-01  1.02148869e+00  8.39950695e+04 
 5.72500000e+00  5.23055135e-01  5.22507234e-01  5.30884444e+05  1.52177072e-01  1.01350575e+00  8.41492367e+04 
 5.73000000e+00  5.18007530e-01  5.17460043e-01  5.37031796e+05  1.49858963e-01  1.00554963e+00  8.43021964e+04 
 5.73500000e+00  5.12999638e-01  5.12452561e-01  5.43250331e+05  1.47576166e-01  9.97620976e-01  8.44539528e+04 
 5.74000000e+00  5.08031320e-01  5.07484650e-01  5.49540874e+05  1.45328143e-01  9.89720390e-01  8.46045100e+04 
 5.74500000e+00  5.03102434e-01  5.02556168e-01  5.55904257e+05  1.43114364e-01  9.81848470e-01  8.47538724e+04 
 5.75000000e+00  4.98212836e-01  4.97666971e-01  5.62341325e+05  1.40934307e-01  9.74005796e-01  8.49020443e+04 
 5.75500000e+00  4.93362376e-01  4.92816909e-01  5.68852931e+05  1.38787459e-01  9.66192935e-01  8.50490302e+04 
 5.76000000e+00  4.88550906e-01  4.88005833e-01  5.75439937e+05  1.36673314e-01  9.58410438e-01  8.51948346e+04 
 5.76500000e+00  4.83778272e-01  4.83233590e-01  5.82103218e+05  1.34591373e-01  9.50658841e-01  8.53394622e+04 
 5.77000000e+00  4.79044318e-01  4.78500024e-01  5.88843655e+05  1.32541147e-01  9.42938664e-01  8.54829178e+04 
 5.77500000e+00  4.74348885e-01  4.73804976e-01  5.95662144e+05  1.30522151e-01  9.35250416e-01  8.56252060e+04 
 5.78000000e+00  4.69691814e-01  4.69148286e-01  6.02559586e+05  1.28533911e-01  9.27594587e-01  8.57663319e+04 
 5.78500000e+00  4.65072939e-01  4.64529791e-01  6.09536897e+05  1.26575958e-01  9.19971656e-01  8.59063002e+04 
 5.79000000e+00  4.60492097e-01  4.59949324e-01  6.16595002e+05  1.24647830e-01  9.12382087e-01  8.60451162e+04 
 5.79500000e+00  4.55949119e-01  4.55406718e-01  6.23734835e+05  1.22749074e-01  9.04826329e-01  8.61827848e+04 
 5.80000000e+00  4.51443834e-01  4.50901802e-01  6.30957344e+05  1.20879241e-01  8.97304818e-01  8.63193111e+04 
 5.80500000e+00  4.46976070e-01  4.46434405e-01  6.38263486e+05  1.19037891e-01  8.89817974e-01  8.64547005e+04 
 5.81000000e+00  4.42545654e-01  4.42004352e-01  6.45654229e+05  1.17224590e-01  8.82366208e-01  8.65889582e+04 
 5.81500000e+00  4.38152408e-01  4.37611466e-01  6.53130553e+05  1.15438912e-01  8.74949912e-01  8.67220896e+04 
 5.82000000e+00  4.33796155e-01  4.33255570e-01  6.60693448e+05  1.13680434e-01  8.67569467e-01  8.68541000e+04 
 5.82500000e+00  4.29476714e-01  4.28936482e-01  6.68343918e+05  1.11948744e-01  8.60225242e-01  8.69849949e+04 
 5.83000000e+00  4.25193902e-01  4.24654022e-01  6.76082975e+05  1.10243432e-01  8.52917592e-01  8.71147798e+04 
 5.83500000e+00  4.20947538e-01  4.20408006e-01  6.83911647e+05  1.08564097e-01  8.45646857e-01  8.72434604e+04 
 5.84000000e+00  4.16737434e-01  4.16198247e-01  6.91830971e+05  1.06910343e-01  8.38413366e-01  8.73710421e+04 
 5.84500000e+00  4.12563404e-01  4.12024559e-01  6.99841996e+05  1.05281781e-01  8.31217437e-01  8.74975307e+04 
 5.85000000e+00  4.08425260e-01  4.07886754e-01  7.07945784e+05  1.03678027e-01  8.24059371e-01  8.76229319e+04 
 5.85500000e+00  4.04322810e-01  4.03784641e-01  7.16143410e+05  1.02098703e-01  8.16939462e-01  8.77472514e+04 
 5.86000000e+00  4.00255865e-01  3.99718028e-01  7.24435960e+05  1.00543436e-01  8.09857987e-01  8.78704951e+04 
 5.86500000e+00  3.96224230e-01  3.95686725e-01  7.32824533e+05  9.90118611e-02  8.02815214e-01  8.79926688e+04 
 5.87000000e+00  3.92227713e-01  3.91690534e-01  7.41310241e+05  9.75036164e-02  7.95811398e-01  8.81137784e+04 
 5.87500000e+00  3.88266116e-01  3.87729263e-01  7.49894209e+05  9.60183467e-02  7.88846783e-01  8.82338297e+04 
 5.88000000e+00  3.84339245e-01  3.83802713e-01  7.58577575e+05  9.45557021e-02  7.81921601e-01  8.83528288e+04 
 5.88500000e+00  3.80446900e-01  3.79910687e-01  7.67361489e+05  9.31153379e-02  7.75036071e-01  8.84707816e+04 
 5.89000000e+00  3.76588884e-01  3.76052988e-01  7.76247117e+05  9.16969148e-02  7.68190404e-01  8.85876943e+04 
 5.89500000e+00  3.72764996e-01  3.72229413e-01  7.85235635e+05  9.03000984e-02  7.61384797e-01  8.87035727e+04 
 5.90000000e+00  3.68975036e-01  3.68439764e-01  7.94328235e+05  8.89245598e-02  7.54619439e-01  8.88184230e+04 
 5.90500000e+00  3.65218802e-01  3.64683837e-01  8.03526122e+05  8.75699746e-02  7.47894506e-01  8.89322514e+04 
 5.91000000e+00  3.61496091e-01  3.60961432e-01  8.12830516e+05  8.62360238e-02  7.39545464e-01  8.90450639e+04 
 5.91500000e+00  3.57823347e-01  3.57288989e-01  8.22242650e+05  8.49223930e-02  7.32912119e-01  8.91568667e+04 
 5.92000000e+00  3.54166970e-01  3.53632911e-01  8.31763771e+05  8.36287728e-02  7.27984400e-01  8.92676660e+04 
 5.92500000e+00  3.50543503e-01  3.50009741e-01  8.41395142e+05  8.23548582e-02  7.21422789e-01  8.93774680e+04 
 5.93000000e+00  3.46952742e-01  3.46419275e-01  8.51138038e+05  8.11003491e-02  7.14902328e-01  8.94862790e+04 
 5.93500000e+00  3.43394480e-01  3.42861304e-01  8.60993752e+05  7.98649499e-02  7.08423131e-01  8.95941051e+04 
 5.94000000e+00  3.39868511e-01  3.39335624e-01  8.70963590e+05  7.86483696e-02  7.01985305e-01  8.97009526e+04 
 5.94500000e+00  3.36374627e-01  3.35842026e-01  8.81048873e+05  7.74503213e-02  6.95588946e-01  8.98068279e+04 
 5.95000000e+00  3.32912621e-01  3.32380305e-01  8.91250938e+05  7.62705229e-02  6.90814175e-01  8.99117372e+04 
 5.95500000e+00  3.29466485e-01  3.28934451e-01  9.01571138e+05  7.51086963e-02  6.84492400e-01  9.00156867e+04 
 5.96000000e+00  3.26067697e-01  3.25535941e-01  9.12010839e+05  7.39645678e-02  6.76630438e-01  9.01186829e+04 
 5.96500000e+00  3.22700181e-01  3.22168701e-01  9.22571427e+05  7.28378677e-02  6.70398864e-01  9.02207320e+04 
 5.97000000e+00  3.19363709e-01  3.18832502e-01  9.33254301e+05  7.17283307e-02  6.64210959e-01  9.03218404e+04 
 5.97500000e+00  3.16058071e-01  3.15527136e-01  9.44060876e+05  7.06356952e-02  6.58064922e-01  9.04220144e+04 
 5.98000000e+00  3.12783059e-01  3.12252392e-01  9.54992586e+05  6.95597038e-02  6.51960788e-01  9.05212604e+04 
 5.98500000e+00  3.09538463e-01  3.09008062e-01  9.66050879e+05  6.85001029e-02  6.45898585e-01  9.06195847e+04 
 5.99000000e+00  3.06324074e-01  3.05793936e-01  9.77237221e+05  6.74566429e-02  6.39878331e-01  9.07169936e+04 
 5.99500000e+00  3.03139680e-01  3.02609803e-01  9.88553095e+05  6.64290779e-02  6.33900040e-01  9.08134936e+04 
 6.00000000e+00  2.99985073e-01  2.99455455e-01  1.00000000e+06  6.54171657e-02  6.27963717e-01  9.09090909e+04 
 6.00500000e+00  2.96860043e-01  2.96330681e-01  1.01157945e+06  6.44206680e-02  6.22069357e-01  9.10037920e+04 
 6.01000000e+00  2.93764380e-01  2.93235271e-01  1.02329299e+06  6.34393499e-02  6.16216952e-01  9.10976031e+04 
 6.01500000e+00  2.90697873e-01  2.90169016e-01  1.03514217e+06  6.24729802e-02  6.10406484e-01  9.11905308e+04 
 6.02000000e+00  2.87660315e-01  2.87131707e-01  1.04712855e+06  6.15213311e-02  6.04637928e-01  9.12825812e+04 
 6.02500000e+00  2.84651494e-01  2.84123133e-01  1.05925373e+06  6.05841786e-02  5.98911254e-01  9.13737607e+04 
 6.03000000e+00  2.81671202e-01  2.81143085e-01  1.07151931e+06  5.96613016e-02  5.93226423e-01  9.14640758e+04 
 6.03500000e+00  2.78719230e-01  2.78191355e-01  1.08392691e+06  5.87524828e-02  5.87583392e-01  9.15535327e+04 
 6.04000000e+00  2.75795368e-01  2.75267733e-01  1.09647820e+06  5.78575080e-02  5.81982111e-01  9.16421377e+04 
 6.04500000e+00  2.72899409e-01  2.72372011e-01  1.10917482e+06  5.69761663e-02  5.76422522e-01  9.17298972e+04 
 6.05000000e+00  2.70031143e-01  2.69503980e-01  1.12201845e+06  5.61082500e-02  5.70904562e-01  9.18168175e+04 
 6.05500000e+00  2.67190363e-01  2.66663433e-01  1.13501082e+06  5.52535548e-02  5.65428162e-01  9.19029049e+04 
 6.06000000e+00  2.64376862e-01  2.63850162e-01  1.14815362e+06  5.44118790e-02  5.59993249e-01  9.19881657e+04 
 6.06500000e+00  2.61590431e-01  2.61063959e-01  1.16144861e+06  5.35830245e-02  5.54599742e-01  9.20726061e+04 
 6.07000000e+00  2.58830864e-01  2.58304619e-01  1.17489755e+06  5.27667959e-02  5.49247554e-01  9.21562325e+04 
 6.07500000e+00  2.56097955e-01  2.55571934e-01  1.18850223e+06  5.19630009e-02  5.43936596e-01  9.22390511e+04 
 6.08000000e+00  2.53391498e-01  2.52865699e-01  1.20226443e+06  5.11714500e-02  5.38666770e-01  9.23210680e+04 
 6.08500000e+00  2.50711288e-01  2.50185708e-01  1.21618600e+06  5.03919569e-02  5.33437975e-01  9.24022896e+04 
 6.09000000e+00  2.48057118e-01  2.47531756e-01  1.23026877e+06  4.96243377e-02  5.28250106e-01  9.24827221e+04 
 6.09500000e+00  2.45428786e-01  2.44903640e-01  1.24451461e+06  4.88684117e-02  5.23103050e-01  9.25623716e+04 
 6.10000000e+00  2.42826088e-01  2.42301154e-01  1.25892541e+06  4.81240006e-02  5.17996692e-01  9.26412444e+04 
 6.10500000e+00  2.40248820e-01  2.39724097e-01  1.27350308e+06  4.73909292e-02  5.12930911e-01  9.27193465e+04 
 6.11000000e+00  2.37696779e-01  2.37172266e-01  1.28824955e+06  4.66690246e-02  5.07905583e-01  9.27966841e+04 
 6.11500000e+00  2.35169764e-01  2.34645458e-01  1.30316678e+06  4.59581167e-02  5.02920578e-01  9.28732634e+04 
 6.12000000e+00  2.32667573e-01  2.32143472e-01  1.31825674e+06  4.52580381e-02  4.97975763e-01  9.29490904e+04 
 6.12500000e+00  2.30190006e-01  2.29666108e-01  1.33352143e+06  4.45686238e-02  4.93071001e-01  9.30241713e+04 
 6.13000000e+00  2.27736863e-01  2.27213166e-01  1.34896288e+06  4.38897113e-02  4.88206150e-01  9.30985120e+04 
 6.13500000e+00  2.25307945e-01  2.24784447e-01  1.36458314e+06  4.32211406e-02  4.83381064e-01  9.31721186e+04 
 6.14000000e+00  2.22903052e-01  2.22379752e-01  1.38038426e+06  4.25627543e-02  4.78595596e-01  9.32449971e+04 
 6.14500000e+00  2.20521989e-01  2.19998883e-01  1.39636836e+06  4.19143971e-02  4.73849592e-01  9.33171535e+04 
 6.15000000e+00  2.18164556e-01  2.17641644e-01  1.41253754e+06  4.12759164e-02  4.69142897e-01  9.33885939e+04 
 6.15500000e+00  2.15830560e-01  2.15307839e-01  1.42889396e+06  4.06471616e-02  4.64475351e-01  9.34593240e+04 
 6.16000000e+00  2.13519803e-01  2.12997271e-01  1.44543977e+06  4.00279846e-02  4.59846791e-01  9.35293499e+04 
 6.16500000e+00  2.11232092e-01  2.10709748e-01  1.46217717e+06  3.94182395e-02  4.55257053e-01  9.35986774e+04 
 6.17000000e+00  2.08967232e-01  2.08445074e-01  1.47910839e+06  3.88177826e-02  4.50705966e-01  9.36673125e+04 
 6.17500000e+00  2.06725032e-01  2.06203057e-01  1.49623566e+06  3.82264725e-02  4.46193360e-01  9.37352609e+04 
 6.18000000e+00  2.04505299e-01  2.03983506e-01  1.51356125e+06  3.76441698e-02  4.41719060e-01  9.38025284e+04 
 6.18500000e+00  2.02307841e-01  2.01786229e-01  1.53108746e+06  3.70707373e-02  4.37282888e-01  9.38691209e+04 
 6.19000000e+00  2.00132470e-01  1.99611036e-01  1.54881662e+06  3.65060399e-02  4.32884664e-01  9.39350441e+04 
 6.19500000e+00  1.97978995e-01  1.97457737e-01  1.56675107e+06  3.59499445e-02  4.28524207e-01  9.40003038e+04 
 6.20000000e+00  1.95847228e-01  1.95326145e-01  1.58489319e+06  3.54023200e-02  4.24201332e-01  9.40649057e+04 
 6.20500000e+00  1.93736982e-01  1.93216071e-01  1.60324539e+06  3.48630376e-02  4.19915850e-01  9.41288554e+04 
 6.21000000e+00  1.91648069e-01  1.91127331e-01  1.62181010e+06  3.43319700e-02  4.15667574e-01  9.41921586e+04 
 6.21500000e+00  1.89580306e-01  1.89059736e-01  1.64058977e+06  3.38089921e-02  4.11456310e-01  9.42548209e+04 
 6.22000000e+00  1.87533506e-01  1.87013105e-01  1.65958691e+06  3.32939807e-02  4.07281866e-01  9.43168479e+04 
 6.22500000e+00  1.85507487e-01  1.84987251e-01  1.67880402e+06  3.27868145e-02  4.03144046e-01  9.43782452e+04 
 6.23000000e+00  1.83502066e-01  1.82981994e-01  1.69824365e+06  3.22873740e-02  3.99042652e-01  9.44390183e+04 
 6.23500000e+00  1.81517061e-01  1.80997152e-01  1.71790839e+06  3.17955414e-02  3.94977486e-01  9.44991727e+04 
 6.24000000e+00  1.79552291e-01  1.79032543e-01  1.73780083e+06  3.13112008e-02  3.90948346e-01  9.45587140e+04 
 6.24500000e+00  1.77607577e-01  1.77087989e-01  1.75792361e+06  3.08342382e-02  3.86955029e-01  9.46176474e+04 
 6.25000000e+00  1.75682741e-01  1.75163310e-01  1.77827941e+06  3.03645412e-02  3.82997331e-01  9.46759785e+04 
 6.25500000e+00  1.73777604e-01  1.73258330e-01  1.79887092e+06  2.99019991e-02  3.79075047e-01  9.47337126e+04 
 6.26000000e+00  1.71891990e-01  1.71372870e-01  1.81970086e+06  2.94465028e-02  3.75187969e-01  9.47908551e+04 
 6.26500000e+00  1.70025724e-01  1.69506758e-01  1.84077200e+06  2.89979451e-02  3.71335890e-01  9.48474112e+04 
 6.27000000e+00  1.68178631e-01  1.67659816e-01  1.86208714e+06  2.85562203e-02  3.67518599e-01  9.49033864e+04 
 6.27500000e+00  1.66350538e-01  1.65831872e-01  1.88364909e+06  2.81212243e-02  3.63735886e-01  9.49587858e+04 
 6.28000000e+00  1.64541272e-01  1.64022755e-01  1.90546072e+06  2.76928545e-02  3.59987539e-01  9.50136146e+04 
 6.28500000e+00  1.62750663e-01  1.62232292e-01  1.92752491e+06  2.72710101e-02  3.56273345e-01  9.50678781e+04 
 6.29000000e+00  1.60978539e-01  1.60460314e-01  1.94984460e+06  2.68555916e-02  3.52593090e-01  9.51215814e+04 
 6.29500000e+00  1.59224732e-01  1.58706650e-01  1.97242274e+06  2.64465012e-02  3.48946560e-01  9.51747296e+04 
 6.30000000e+00  1.57489073e-01  1.56971134e-01  1.99526231e+06  2.60436424e-02  3.45333538e-01  9.52273279e+04 
 6.30500000e+00  1.55771396e-01  1.55253598e-01  2.01836636e+06  2.56469204e-02  3.41753808e-01  9.52793812e+04 
 6.31000000e+00  1.54071535e-01  1.53553876e-01  2.04173794e+06  2.52562416e-02  3.38207153e-01  9.53308947e+04 
 6.31500000e+00  1.52389325e-01  1.51871804e-01  2.06538016e+06  2.48715141e-02  3.34693357e-01  9.53818733e+04 
 6.32000000e+00  1.50724602e-01  1.50207217e-01  2.08929613e+06  2.44926470e-02  3.31212199e-01  9.54323219e+04 
 6.32500000e+00  1.49077203e-01  1.48559953e-01  2.11348904e+06  2.41195513e-02  3.27763462e-01  9.54822455e+04 
 6.33000000e+00  1.47446967e-01  1.46929851e-01  2.13796209e+06  2.37521389e-02  3.24346926e-01  9.55316491e+04 
 6.33500000e+00  1.45833734e-01  1.45316750e-01  2.16271852e+06  2.33903233e-02  3.20962372e-01  9.55805374e+04 
 6.34000000e+00  1.44237343e-01  1.43720490e-01  2.18776162e+06  2.30340192e-02  3.17609579e-01  9.56289152e+04 
 6.34500000e+00  1.42657638e-01  1.42140914e-01  2.21309471e+06  2.26831426e-02  3.14288327e-01  9.56767875e+04 
 6.35000000e+00  1.41094460e-01  1.40577864e-01  2.23872114e+06  2.23376110e-02  3.10998396e-01  9.57241589e+04 
 6.35500000e+00  1.39547654e-01  1.39031185e-01  2.26464431e+06  2.19973428e-02  3.07739564e-01  9.57710342e+04 
 6.36000000e+00  1.38017064e-01  1.37500721e-01  2.29086765e+06  2.16622580e-02  3.04511612e-01  9.58174180e+04 
 6.36500000e+00  1.36502538e-01  1.35986319e-01  2.31739465e+06  2.13322775e-02  3.01314317e-01  9.58633151e+04 
 6.37000000e+00  1.35003921e-01  1.34487825e-01  2.34422882e+06  2.10073235e-02  2.98147459e-01  9.59087300e+04 
 6.37500000e+00  1.33521063e-01  1.33005088e-01  2.37137371e+06  2.06873196e-02  2.95010817e-01  9.59536674e+04 
 6.38000000e+00  1.32053813e-01  1.31537958e-01  2.39883292e+06  2.03721903e-02  2.91904170e-01  9.59981318e+04 
 6.38500000e+00  1.30602022e-01  1.30086286e-01  2.42661010e+06  2.00618613e-02  2.88827296e-01  9.60421277e+04 
 6.39000000e+00  1.29165540e-01  1.28649922e-01  2.45470892e+06  1.97562596e-02  2.85779975e-01  9.60856597e+04 
 6.39500000e+00  1.27744222e-01  1.27228720e-01  2.48313311e+06  1.94553131e-02  2.82761987e-01  9.61287322e+04 
 6.40000000e+00  1.26337920e-01  1.25822534e-01  2.51188643e+06  1.91589509e-02  2.79773110e-01  9.61713496e+04 
 6.40500000e+00  1.24946491e-01  1.24431218e-01  2.54097271e+06  1.88671031e-02  2.76813124e-01  9.62135163e+04 
 6.41000000e+00  1.23569789e-01  1.23054630e-01  2.57039578e+06  1.85797011e-02  2.73881811e-01  9.62552367e+04 
 6.41500000e+00  1.22207673e-01  1.21692625e-01  2.60015956e+06  1.82966771e-02  2.70978949e-01  9.62965152e+04 
 6.42000000e+00  1.20860000e-01  1.20345062e-01  2.63026799e+06  1.80179644e-02  2.68104321e-01  9.63373559e+04 
 6.42500000e+00  1.19526629e-01  1.19011801e-01  2.66072506e+06  1.77434973e-02  2.65257706e-01  9.63777632e+04 
 6.43000000e+00  1.18207422e-01  1.17692702e-01  2.69153480e+06  1.74732111e-02  2.62438887e-01  9.64177412e+04 
 6.43500000e+00  1.16902241e-01  1.16387628e-01  2.72270131e+06  1.72070422e-02  2.59647645e-01  9.64572943e+04 
 6.44000000e+00  1.15610946e-01  1.15096439e-01  2.75422870e+06  1.69449278e-02  2.56883764e-01  9.64964265e+04 
 6.44500000e+00  1.14333403e-01  1.13819001e-01  2.78612117e+06  1.66868063e-02  2.54147026e-01  9.65351420e+04 
 6.45000000e+00  1.13069476e-01  1.12555177e-01  2.81838293e+06  1.64326166e-02  2.51437215e-01  9.65734449e+04 
 6.45500000e+00  1.11819031e-01  1.11304834e-01  2.85101827e+06  1.61822991e-02  2.48754115e-01  9.66113392e+04 
 6.46000000e+00  1.10581935e-01  1.10067840e-01  2.88403150e+06  1.59357946e-02  2.46097511e-01  9.66488289e+04 
 6.46500000e+00  1.09358056e-01  1.08844061e-01  2.91742701e+06  1.56930451e-02  2.43467188e-01  9.66859182e+04 
 6.47000000e+00  1.08147263e-01  1.07633367e-01  2.95120923e+06  1.54539934e-02  2.40862932e-01  9.67226109e+04 
 6.47500000e+00  1.06949426e-01  1.06435629e-01  2.98538262e+06  1.52185832e-02  2.38284531e-01  9.67589109e+04 
 6.48000000e+00  1.05764417e-01  1.05250717e-01  3.01995172e+06  1.49867590e-02  2.35731772e-01  9.67948222e+04 
 6.48500000e+00  1.04592109e-01  1.04078505e-01  3.05492111e+06  1.47584662e-02  2.33204443e-01  9.68303486e+04 
 6.49000000e+00  1.03432373e-01  1.02918864e-01  3.09029543e+06  1.45336509e-02  2.30702333e-01  9.68654941e+04 
 6.49500000e+00  1.02285085e-01  1.01771670e-01  3.12607937e+06  1.43122602e-02  2.28225232e-01  9.69002622e+04 
 6.50000000e+00  1.01150121e-01  1.00636799e-01  3.16227766e+06  1.40942420e-02  2.25772930e-01  9.69346570e+04 
 6.50500000e+00  1.00027356e-01  9.95141258e-02  3.19889511e+06  1.38795448e-02  2.23345220e-01  9.69686820e+04 
 6.51000000e+00  9.89166685e-02  9.84035295e-02  3.23593657e+06  1.36681181e-02  2.20941893e-01  9.70023411e+04 
 6.51500000e+00  9.78179370e-02  9.73048883e-02  3.27340695e+06  1.34599121e-02  2.18562743e-01  9.70356378e+04 
 6.52000000e+00  9.67310411e-02  9.62180814e-02  3.31131121e+06  1.32548777e-02  2.16207563e-01  9.70685759e+04 
 6.52500000e+00  9.56558614e-02  9.51429901e-02  3.34965439e+06  1.30529665e-02  2.13876149e-01  9.71011589e+04 
 6.53000000e+00  9.45922796e-02  9.40794952e-02  3.38844156e+06  1.28541311e-02  2.11568297e-01  9.71333904e+04 
 6.53500000e+00  9.35401784e-02  9.30274802e-02  3.42767787e+06  1.26583245e-02  2.09283803e-01  9.71652740e+04 
 6.54000000e+00  9.24994415e-02  9.19868287e-02  3.46736850e+06  1.24655006e-02  2.07022466e-01  9.71968133e+04 
 6.54500000e+00  9.14699537e-02  9.09574253e-02  3.50751874e+06  1.22756140e-02  2.04784083e-01  9.72280116e+04 
 6.55000000e+00  9.04516007e-02  8.99391558e-02  3.54813389e+06  1.20886199e-02  2.02568456e-01  9.72588725e+04 
 6.55500000e+00  8.94442692e-02  8.89319065e-02  3.58921935e+06  1.19044744e-02  2.00375384e-01  9.72893994e+04 
 6.56000000e+00  8.84478469e-02  8.79355662e-02  3.63078055e+06  1.17231339e-02  1.98204669e-01  9.73195958e+04 
 6.56500000e+00  8.74622225e-02  8.69500225e-02  3.67282300e+06  1.15445557e-02  1.96056115e-01  9.73494648e+04 
 6.57000000e+00  8.64872857e-02  8.59751657e-02  3.71535229e+06  1.13686978e-02  1.93929524e-01  9.73790101e+04 
 6.57500000e+00  8.55229272e-02  8.50108862e-02  3.75837404e+06  1.11955188e-02  1.91824703e-01  9.74082347e+04 
 6.58000000e+00  8.45690387e-02  8.40570759e-02  3.80189396e+06  1.10249778e-02  1.89741457e-01  9.74371420e+04 
 6.58500000e+00  8.36255127e-02  8.31136270e-02  3.84591782e+06  1.08570346e-02  1.87679593e-01  9.74657354e+04 
 6.59000000e+00  8.26922428e-02  8.21804337e-02  3.89045145e+06  1.06916498e-02  1.85638919e-01  9.74940179e+04 
 6.59500000e+00  8.17691235e-02  8.12573901e-02  3.93550075e+06  1.05287842e-02  1.83619245e-01  9.75219928e+04 
 6.60000000e+00  8.08560503e-02  8.03443918e-02  3.98107171e+06  1.03683995e-02  1.81620380e-01  9.75496632e+04 
 6.60500000e+00  7.99529197e-02  7.94413351e-02  4.02717034e+06  1.02104580e-02  1.79642137e-01  9.75770324e+04 
 6.61000000e+00  7.90596289e-02  7.85481175e-02  4.07380278e+06  1.00549224e-02  1.77684328e-01  9.76041034e+04 
 6.61500000e+00  7.81760764e-02  7.76646375e-02  4.12097519e+06  9.90175608e-03  1.75746766e-01  9.76308792e+04 
 6.62000000e+00  7.73021613e-02  7.67907940e-02  4.16869383e+06  9.75092293e-03  1.73829266e-01  9.76573630e+04 
 6.62500000e+00  7.64377837e-02  7.59264873e-02  4.21696503e+06  9.60238741e-03  1.71931646e-01  9.76835578e+04 
 6.63000000e+00  7.55828448e-02  7.50716184e-02  4.26579519e+06  9.45611453e-03  1.70053720e-01  9.77094665e+04 
 6.63500000e+00  7.47372465e-02  7.42260895e-02  4.31519077e+06  9.31206982e-03  1.68195309e-01  9.77350922e+04 
 6.64000000e+00  7.39008917e-02  7.33898033e-02  4.36515832e+06  9.17021934e-03  1.66356230e-01  9.77604378e+04 
 6.64500000e+00  7.30736842e-02  7.25626636e-02  4.41570447e+06  9.03052967e-03  1.64536306e-01  9.77855061e+04 
 6.65000000e+00  7.22555287e-02  7.17445749e-02  4.46683592e+06  8.89296788e-03  1.62735358e-01  9.78103001e+04 
 6.65500000e+00  7.14463307e-02  7.09354430e-02  4.51855944e+06  8.75750157e-03  1.60953208e-01  9.78348227e+04 
 6.66000000e+00  7.06459966e-02  7.01351748e-02  4.57088190e+06  8.62409881e-03  1.59189681e-01  9.78590767e+04 
 6.66500000e+00  6.98544338e-02  6.93436770e-02  4.62381021e+06  8.49272817e-03  1.57444602e-01  9.78830648e+04 
 6.67000000e+00  6.90715506e-02  6.85608578e-02  4.67735141e+06  8.36335870e-03  1.55717798e-01  9.79067899e+04 
 6.67500000e+00  6.82972559e-02  6.77866268e-02  4.73151259e+06  8.23595991e-03  1.54009097e-01  9.79302548e+04 
 6.68000000e+00  6.75314596e-02  6.70208929e-02  4.78630092e+06  8.11050178e-03  1.52318327e-01  9.79534621e+04 
 6.68500000e+00  6.67740726e-02  6.62635681e-02  4.84172368e+06  7.98695475e-03  1.50645318e-01  9.79764146e+04 
 6.69000000e+00  6.60250064e-02  6.55145634e-02  4.89778819e+06  7.86528970e-03  1.48989902e-01  9.79991149e+04 
 6.69500000e+00  6.52841736e-02  6.47737915e-02  4.95450191e+06  7.74547798e-03  1.47351911e-01  9.80215657e+04 
 6.70000000e+00  6.45514873e-02  6.40411649e-02  5.01187234e+06  7.62749135e-03  1.45731179e-01  9.80437696e+04 
 6.70500000e+00  6.38268618e-02  6.33165988e-02  5.06990708e+06  7.51130200e-03  1.44127541e-01  9.80657293e+04 
 6.71000000e+00  6.31102119e-02  6.26000077e-02  5.12861384e+06  7.39688256e-03  1.42540833e-01  9.80874472e+04 
 6.71500000e+00  6.24014535e-02  6.18913076e-02  5.18800039e+06  7.28420607e-03  1.40970892e-01  9.81089260e+04 
 6.72000000e+00  6.17005030e-02  6.11904142e-02  5.24807460e+06  7.17324598e-03  1.39417556e-01  9.81301682e+04 
 6.72500000e+00  6.10072779e-02  6.04972460e-02  5.30884444e+06  7.06397614e-03  1.37880666e-01  9.81511763e+04 
 6.73000000e+00  6.03216963e-02  5.98117209e-02  5.37031796e+06  6.95637081e-03  1.36360062e-01  9.81719527e+04 
 6.73500000e+00  5.96436773e-02  5.91337571e-02  5.43250331e+06  6.85040462e-03  1.34855587e-01  9.81925000e+04 
 6.74000000e+00  5.89731405e-02  5.84632754e-02  5.49540874e+06  6.74605261e-03  1.33367083e-01  9.82128205e+04 
 6.74500000e+00  5.83100065e-02  5.78001956e-02  5.55904257e+06  6.64329019e-03  1.31894395e-01  9.82329166e+04 
 6.75000000e+00  5.76541965e-02  5.71444393e-02  5.62341325e+06  6.54209315e-03  1.30437369e-01  9.82527909e+04 
 6.75500000e+00  5.70056328e-02  5.64959291e-02  5.68852931e+06  6.44243764e-03  1.28995852e-01  9.82724455e+04 
 6.76000000e+00  5.63642380e-02  5.58545867e-02  5.75439937e+06  6.34430019e-03  1.27569691e-01  9.82918828e+04 
 6.76500000e+00  5.57299358e-02  5.52203367e-02  5.82103218e+06  6.24765765e-03  1.26158737e-01  9.83111053e+04 
 6.77000000e+00  5.51026506e-02  5.45931028e-02  5.88843655e+06  6.15248727e-03  1.24762839e-01  9.83301151e+04 
 6.77500000e+00  5.44823075e-02  5.39728103e-02  5.95662144e+06  6.05876662e-03  1.23381849e-01  9.83489145e+04 
 6.78000000e+00  5.38688321e-02  5.33593856e-02  6.02559586e+06  5.96647361e-03  1.22015619e-01  9.83675058e+04 
 6.78500000e+00  5.32621513e-02  5.27527542e-02  6.09536897e+06  5.87558649e-03  1.20664005e-01  9.83858911e+04 
 6.79000000e+00  5.26621921e-02  5.21528441e-02  6.16595002e+06  5.78608386e-03  1.19326861e-01  9.84040728e+04 
 6.79500000e+00  5.20688827e-02  5.15595833e-02  6.23734835e+06  5.69794462e-03  1.18004043e-01  9.84220530e+04 
 6.80000000e+00  5.14821517e-02  5.09729006e-02  6.30957344e+06  5.61114800e-03  1.16695409e-01  9.84398338e+04 
 6.80500000e+00  5.09019286e-02  5.03927248e-02  6.38263486e+06  5.52567355e-03  1.15400818e-01  9.84574174e+04 
 6.81000000e+00  5.03281435e-02  4.98189870e-02  6.45654229e+06  5.44150113e-03  1.14120129e-01  9.84748058e+04 
 6.81500000e+00  4.97607273e-02  4.92516172e-02  6.53130553e+06  5.35861091e-03  1.12853204e-01  9.84920013e+04 
 6.82000000e+00  4.91996115e-02  4.86905475e-02  6.60693448e+06  5.27698335e-03  1.11599904e-01  9.85090059e+04 
 6.82500000e+00  4.86447282e-02  4.81357095e-02  6.68343918e+06  5.19659922e-03  1.10360093e-01  9.85258215e+04 
 6.83000000e+00  4.80960105e-02  4.75870369e-02  6.76082975e+06  5.11743958e-03  1.09133636e-01  9.85424504e+04 
 6.83500000e+00  4.75533919e-02  4.70444628e-02  6.83911647e+06  5.03948578e-03  1.07920398e-01  9.85588943e+04 
 6.84000000e+00  4.70168065e-02  4.65079218e-02  6.91830971e+06  4.96271944e-03  1.06720245e-01  9.85751555e+04 
 6.84500000e+00  4.64861894e-02  4.59773478e-02  6.99841996e+06  4.88712248e-03  1.05533047e-01  9.85912358e+04 
 6.85000000e+00  4.59614761e-02  4.54526774e-02  7.07945784e+06  4.81267709e-03  1.04358670e-01  9.86071372e+04 
 6.85500000e+00  4.54426027e-02  4.49338467e-02  7.16143410e+06  4.73936573e-03  1.03196987e-01  9.86228616e+04 
 6.86000000e+00  4.49295062e-02  4.44207923e-02  7.24435960e+06  4.66717111e-03  1.02047868e-01  9.86384109e+04 
 6.86500000e+00  4.44221240e-02  4.39134515e-02  7.32824533e+06  4.59607624e-03  1.00911185e-01  9.86537871e+04 
 6.87000000e+00  4.39203944e-02  4.34117629e-02  7.41310241e+06  4.52606434e-03  9.97868121e-02  9.86689919e+04 
 6.87500000e+00  4.34242559e-02  4.29156653e-02  7.49894209e+06  4.45711894e-03  9.86746237e-02  9.86840273e+04 
 6.88000000e+00  4.29336481e-02  4.24250977e-02  7.58577575e+06  4.38922378e-03  9.75744955e-02  9.86988952e+04 
 6.88500000e+00  4.24485110e-02  4.19400004e-02  7.67361489e+06  4.32236287e-03  9.64863042e-02  9.87135972e+04 
 6.89000000e+00  4.19687851e-02  4.14603136e-02  7.76247117e+06  4.25652045e-03  9.54099277e-02  9.87281352e+04 
 6.89500000e+00  4.14944117e-02  4.09859791e-02  7.85235635e+06  4.19168100e-03  9.43452451e-02  9.87425111e+04 
 6.90000000e+00  4.10253326e-02  4.05169383e-02  7.94328235e+06  4.12782925e-03  9.32921361e-02  9.87567265e+04 
 6.90500000e+00  4.05614903e-02  4.00531343e-02  8.03526122e+06  4.06495015e-03  9.22504821e-02  9.87707832e+04 
 6.91000000e+00  4.01028278e-02  3.95945094e-02  8.12830516e+06  4.00302888e-03  9.12201651e-02  9.87846829e+04 
 6.91500000e+00  3.96492887e-02  3.91410075e-02  8.22242650e+06  3.94205087e-03  9.02010683e-02  9.87984274e+04 
 6.92000000e+00  3.92008171e-02  3.86925724e-02  8.31763771e+06  3.88200172e-03  8.91930761e-02  9.88120182e+04 
 6.92500000e+00  3.87573579e-02  3.82491497e-02  8.41395142e+06  3.82286731e-03  8.81960737e-02  9.88254572e+04 
 6.93000000e+00  3.83188564e-02  3.78106839e-02  8.51138038e+06  3.76463368e-03  8.72099475e-02  9.88387460e+04 
 6.93500000e+00  3.78852584e-02  3.73771219e-02  8.60993752e+06  3.70728713e-03  8.62345849e-02  9.88518861e+04 
 6.94000000e+00  3.74565105e-02  3.69484089e-02  8.70963590e+06  3.65081414e-03  8.52698743e-02  9.88648793e+04 
 6.94500000e+00  3.70325597e-02  3.65244928e-02  8.81048873e+06  3.59520140e-03  8.43157051e-02  9.88777271e+04 
 6.95000000e+00  3.66133535e-02  3.61053210e-02  8.91250938e+06  3.54043580e-03  8.33719679e-02  9.88904311e+04 
 6.95500000e+00  3.61988400e-02  3.56908415e-02  9.01571138e+06  3.48650445e-03  8.24385541e-02  9.89029929e+04 
 6.96000000e+00  3.57889679e-02  3.52810030e-02  9.12010839e+06  3.43339463e-03  8.15153561e-02  9.89154141e+04 
 6.96500000e+00  3.53836865e-02  3.48757547e-02  9.22571427e+06  3.38109383e-03  8.06022675e-02  9.89276961e+04 
 6.97000000e+00  3.49829453e-02  3.44750464e-02  9.33254301e+06  3.32958973e-03  7.96991826e-02  9.89398405e+04 
 6.97500000e+00  3.45866946e-02  3.40788281e-02  9.44060876e+06  3.27887019e-03  7.88059970e-02  9.89518489e+04 
 6.98000000e+00  3.41948853e-02  3.36870507e-02  9.54992586e+06  3.22892326e-03  7.79226071e-02  9.89637226e+04 
 6.98500000e+00  3.38074686e-02  3.32996659e-02  9.66050879e+06  3.17973717e-03  7.70489103e-02  9.89754632e+04 
 6.99000000e+00  3.34243962e-02  3.29166253e-02  9.77237221e+06  3.13130033e-03  7.61848049e-02  9.89870722e+04 
 6.99500000e+00  3.30456205e-02  3.25378804e-02  9.88553095e+06  3.08360133e-03  7.53301902e-02  9.89985510e+04 
 7.00000000e+00  3.26710943e-02  3.21633848e-02  1.00000000e+07  3.03662892e-03  7.44802959e-02  9.90099010e+04 
