 1.00000000e+00 -4.72545086e-05 
 1.04712855e+00 -4.72545115e-05 
 1.09647820e+00 -4.72545146e-05 
 1.14815362e+00 -4.72545180e-05 
 1.20226443e+00 -4.72545217e-05 
 1.25892541e+00 -4.72545259e-05 
 1.31825674e+00 -4.72545304e-05 
 1.38038426e+00 -4.72545353e-05 
 1.44543977e+00 -4.72545407e-05 
 1.51356125e+00 -4.72545466e-05 
 1.58489319e+00 -4.72545532e-05 
 1.65958691e+00 -4.72545603e-05 
 1.73780083e+00 -4.72545681e-05 
 1.81970086e+00 -4.72545767e-05 
 1.90546072e+00 -4.72545861e-05 
 1.99526231e+00 -4.72545964e-05 
 2.08929613e+00 -4.72546078e-05 
 2.18776162e+00 -4.72546202e-05 
 2.29086765e+00 -4.72546338e-05 
 2.39883292e+00 -4.72546487e-05 
 2.51188643e+00 -4.72546650e-05 
 2.63026799e+00 -4.72546830e-05 
 2.75422870e+00 -4.72547026e-05 
 2.88403150e+00 -4.72547242e-05 
 3.01995172e+00 -4.72547478e-05 
 3.16227766e+00 -4.72547738e-05 
 3.31131121e+00 -4.72548022e-05 
 3.46736850e+00 -4.72548333e-05 
 3.63078055e+00 -4.72548675e-05 
 3.80189396e+00 -4.72549050e-05 
 3.98107171e+00 -4.72549461e-05 
 4.16869383e+00 -4.72549911e-05 
 4.36515832e+00 -4.72550405e-05 
 4.57088190e+00 -4.72550947e-05 
 4.78630092e+00 -4.72551540e-05 
 5.01187234e+00 -4.72552192e-05 
 5.24807460e+00 -4.72552905e-05 
 5.49540874e+00 -4.72553688e-05 
 5.75439937e+00 -4.72554547e-05 
 6.02559586e+00 -4.72555488e-05 
 6.30957344e+00 -4.72556520e-05 
 6.60693448e+00 -4.72557651e-05 
 6.91830971e+00 -4.72558892e-05 
 7.24435960e+00 -4.72560252e-05 
 7.58577575e+00 -4.72561744e-05 
 7.94328235e+00 -4.72563379e-05 
 8.31763771e+00 -4.72565173e-05 
 8.70963590e+00 -4.72567139e-05 
 9.12010839e+00 -4.72569295e-05 
 9.54992586e+00 -4.72571659e-05 
 1.00000000e+01 -4.72574251e-05 
 1.04712855e+01 -4.72577093e-05 
 1.09647820e+01 -4.72580210e-05 
 1.14815362e+01 -4.72583627e-05 
 1.20226443e+01 -4.72587373e-05 
 1.25892541e+01 -4.72591482e-05 
 1.31825674e+01 -4.72595986e-05 
 1.38038426e+01 -4.72600925e-05 
 1.44543977e+01 -4.72606341e-05 
 1.51356125e+01 -4.72612279e-05 
 1.58489319e+01 -4.72618790e-05 
 1.65958691e+01 -4.72625930e-05 
 1.73780083e+01 -4.72633758e-05 
 1.81970086e+01 -4.72642341e-05 
 1.90546072e+01 -4.72651752e-05 
 1.99526231e+01 -4.72662072e-05 
 2.08929613e+01 -4.72673387e-05 
 2.18776162e+01 -4.72685793e-05 
 2.29086765e+01 -4.72699397e-05 
 2.39883292e+01 -4.72714313e-05 
 2.51188643e+01 -4.72730668e-05 
 2.63026799e+01 -4.72748601e-05 
 2.75422870e+01 -4.72768264e-05 
 2.88403150e+01 -4.72789824e-05 
 3.01995172e+01 -4.72813465e-05 
 3.16227766e+01 -4.72839386e-05 
 3.31131121e+01 -4.72867808e-05 
 3.46736850e+01 -4.72898972e-05 
 3.63078055e+01 -4.72933142e-05 
 3.80189396e+01 -4.72970610e-05 
 3.98107171e+01 -4.73011692e-05 
 4.16869383e+01 -4.73056737e-05 
 4.36515832e+01 -4.73106129e-05 
 4.57088190e+01 -4.73160286e-05 
 4.78630092e+01 -4.73219668e-05 
 5.01187234e+01 -4.73284779e-05 
 5.24807460e+01 -4.73356171e-05 
 5.49540874e+01 -4.73434452e-05 
 5.75439937e+01 -4.73520284e-05 
 6.02559586e+01 -4.73614398e-05 
 6.30957344e+01 -4.73717592e-05 
 6.60693448e+01 -4.73830741e-05 
 6.91830971e+01 -4.73954808e-05 
 7.24435960e+01 -4.74090843e-05 
 7.58577575e+01 -4.74240004e-05 
 7.94328235e+01 -4.74403555e-05 
 8.31763771e+01 -4.74582885e-05 
 8.70963590e+01 -4.74779516e-05 
 9.12010839e+01 -4.74995119e-05 
 9.54992586e+01 -4.75231522e-05 
 1.00000000e+02 -4.75490733e-05 
 1.04712855e+02 -4.75774952e-05 
 1.09647820e+02 -4.76086592e-05 
 1.14815362e+02 -4.76428298e-05 
 1.20226443e+02 -4.76802972e-05 
 1.25892541e+02 -4.77213793e-05 
 1.31825674e+02 -4.77664250e-05 
 1.38038426e+02 -4.78158166e-05 
 1.44543977e+02 -4.78699734e-05 
 1.51356125e+02 -4.79293552e-05 
 1.58489319e+02 -4.79944660e-05 
 1.65958691e+02 -4.80658586e-05 
 1.73780083e+02 -4.81441390e-05 
 1.81970086e+02 -4.82299718e-05 
 1.90546072e+02 -4.83240855e-05 
 1.99526231e+02 -4.84272792e-05 
 2.08929613e+02 -4.85404288e-05 
 2.18776162e+02 -4.86644949e-05 
 2.29086765e+02 -4.88005307e-05 
 2.39883292e+02 -4.89496909e-05 
 2.51188643e+02 -4.91132418e-05 
 2.63026799e+02 -4.92925719e-05 
 2.75422870e+02 -4.94892033e-05 
 2.88403150e+02 -4.97048054e-05 
 3.01995172e+02 -4.99412084e-05 
 3.16227766e+02 -5.02004191e-05 
 3.31131121e+02 -5.04846379e-05 
 3.46736850e+02 -5.07962777e-05 
 3.63078055e+02 -5.11379838e-05 
 3.80189396e+02 -5.15126572e-05 
 3.98107171e+02 -5.19234783e-05 
 4.16869383e+02 -5.23739346e-05 
 4.36515832e+02 -5.28678501e-05 
 4.57088190e+02 -5.34094176e-05 
 4.78630092e+02 -5.40032344e-05 
 5.01187234e+02 -5.46543415e-05 
 5.24807460e+02 -5.53682662e-05 
 5.49540874e+02 -5.61510689e-05 
 5.75439937e+02 -5.70093947e-05 
 6.02559586e+02 -5.79505301e-05 
 6.30957344e+02 -5.89824643e-05 
 6.60693448e+02 -6.01139574e-05 
 6.91830971e+02 -6.13546145e-05 
 7.24435960e+02 -6.27149675e-05 
 7.58577575e+02 -6.42065643e-05 
 7.94328235e+02 -6.58420671e-05 
 8.31763771e+02 -6.76353595e-05 
 8.70963590e+02 -6.96016646e-05 
 9.12010839e+02 -7.17576742e-05 
 9.54992586e+02 -7.41216903e-05 
 1.00000000e+03 -7.67137808e-05 
 1.04712855e+03 -7.95559497e-05 
 1.09647820e+03 -8.26723235e-05 
 1.14815362e+03 -8.60893567e-05 
 1.20226443e+03 -8.98360557e-05 
 1.25892541e+03 -9.39442255e-05 
 1.31825674e+03 -9.84487393e-05 
 1.38038426e+03 -1.03387835e-04 
 1.44543977e+03 -1.08803438e-04 
 1.51356125e+03 -1.14741520e-04 
 1.58489319e+03 -1.21252488e-04 
 1.65958691e+03 -1.28391610e-04 
 1.73780083e+03 -1.36219488e-04 
 1.81970086e+03 -1.44802567e-04 
 1.90546072e+03 -1.54213705e-04 
 1.99526231e+03 -1.64532787e-04 
 2.08929613e+03 -1.75847405e-04 
 2.18776162e+03 -1.88253600e-04 
 2.29086765e+03 -2.01856679e-04 
 2.39883292e+03 -2.16772105e-04 
 2.51188643e+03 -2.33126481e-04 
 2.63026799e+03 -2.51058620e-04 
 2.75422870e+03 -2.70720728e-04 
 2.88403150e+03 -2.92279690e-04 
 3.01995172e+03 -3.15918488e-04 
 3.16227766e+03 -3.41837755e-04 
 3.31131121e+03 -3.70257473e-04 
 3.46736850e+03 -4.01418843e-04 
 3.63078055e+03 -4.35586327e-04 
 3.80189396e+03 -4.73049893e-04 
 3.98107171e+03 -5.14127475e-04 
 4.16869383e+03 -5.59167663e-04 
 4.36515832e+03 -6.08552666e-04 
 4.57088190e+03 -6.62701546e-04 
 4.78630092e+03 -7.22073772e-04 
 5.01187234e+03 -7.87173112e-04 
 5.24807460e+03 -8.58551904e-04 
 5.49540874e+03 -9.36815733e-04 
 5.75439937e+03 -1.02262856e-03 
 6.02559586e+03 -1.11671834e-03 
 6.30957344e+03 -1.21988319e-03 
 6.60693448e+03 -1.33299816e-03 
 6.91830971e+03 -1.45702258e-03 
 7.24435960e+03 -1.59300824e-03 
 7.58577575e+03 -1.74210826e-03 
 7.94328235e+03 -1.90558680e-03 
 8.31763771e+03 -2.08482979e-03 
 8.70963590e+03 -2.28135661e-03 
 9.12010839e+03 -2.49683292e-03 
 9.54992586e+03 -2.73308467e-03 
 1.00000000e+04 -2.99211357e-03 
 1.04712855e+04 -3.27611387e-03 
 1.09647820e+04 -3.58749089e-03 
 1.14815362e+04 -3.92888120e-03 
 1.20226443e+04 -4.30317482e-03 
 1.25892541e+04 -4.71353944e-03 
 1.31825674e+04 -5.16344703e-03 
 1.38038426e+04 -5.65670285e-03 
 1.44543977e+04 -6.19747735e-03 
 1.51356125e+04 -6.79034097e-03 
 1.58489319e+04 -7.44030222e-03 
 1.65958691e+04 -8.15284945e-03 
 1.73780083e+04 -8.93399639e-03 
 1.81970086e+04 -9.79033205e-03 
 1.90546072e+04 -1.07290752e-02 
 1.99526231e+04 -1.17581339e-02 
 2.08929613e+04 -1.28861708e-02 
 2.18776162e+04 -1.41226739e-02 
 2.29086765e+04 -1.54780342e-02 
 2.39883292e+04 -1.69636306e-02 
 2.51188643e+04 -1.85919219e-02 
 2.63026799e+04 -2.03765478e-02 
 2.75422870e+04 -2.23324382e-02 
 2.88403150e+04 -2.44759327e-02 
 3.01995172e+04 -2.68249105e-02 
 3.16227766e+04 -2.93989318e-02 
 3.31131121e+04 -3.22193907e-02 
 3.46736850e+04 -3.53096821e-02 
 3.63078055e+04 -3.86953817e-02 
 3.80189396e+04 -4.24044416e-02 
 3.98107171e+04 -4.64674016e-02 
 4.16869383e+04 -5.09176171e-02 
 4.36515832e+04 -5.57915047e-02 
 4.57088190e+04 -6.11288076e-02 
 4.78630092e+04 -6.69728791e-02 
 5.01187234e+04 -7.33709876e-02 
 5.24807460e+04 -8.03746419e-02 
 5.49540874e+04 -8.80399388e-02 
 5.75439937e+04 -9.64279312e-02 
 6.02559586e+04 -1.05605020e-01 
 6.30957344e+04 -1.15643364e-01 
 6.60693448e+04 -1.26621315e-01 
 6.91830971e+04 -1.38623868e-01 
 7.24435960e+04 -1.51743129e-01 
 7.58577575e+04 -1.66078803e-01 
 7.94328235e+04 -1.81738682e-01 
 8.31763771e+04 -1.98839147e-01 
 8.70963590e+04 -2.17505671e-01 
 9.12010839e+04 -2.37873304e-01 
 9.54992586e+04 -2.60087156e-01 
 1.00000000e+05 -2.84302842e-01 
 1.04712855e+05 -3.10686888e-01 
 1.09647820e+05 -3.39417090e-01 
 1.14815362e+05 -3.70682790e-01 
 1.20226443e+05 -4.04685075e-01 
 1.25892541e+05 -4.41636849e-01 
 1.31825674e+05 -4.81762785e-01 
 1.38038426e+05 -5.25299108e-01 
 1.44543977e+05 -5.72493195e-01 
 1.51356125e+05 -6.23602963e-01 
 1.58489319e+05 -6.78896018e-01 
 1.65958691e+05 -7.38648534e-01 
 1.73780083e+05 -8.03143853e-01 
 1.81970086e+05 -8.72670764e-01 
 1.90546072e+05 -9.47521473e-01 
 1.99526231e+05 -1.02798923e+00 
 2.08929613e+05 -1.11436564e+00 
 2.18776162e+05 -1.20693764e+00 
 2.29086765e+05 -1.30598422e+00 
 2.39883292e+05 -1.41177282e+00 
 2.51188643e+05 -1.52455563e+00 
 2.63026799e+05 -1.64456560e+00 
 2.75422870e+05 -1.77201256e+00 
 2.88403150e+05 -1.90707920e+00 
 3.01995172e+05 -2.04991729e+00 
 3.16227766e+05 -2.20064404e+00 
 3.31131121e+05 -2.35933884e+00 
 3.46736850e+05 -2.52604038e+00 
 3.63078055e+05 -2.70074426e+00 
 3.80189396e+05 -2.88340123e+00 
 3.98107171e+05 -3.07391605e+00 
 4.16869383e+05 -3.27214699e+00 
 4.36515832e+05 -3.47790609e+00 
 4.57088190e+05 -3.69096004e+00 
 4.78630092e+05 -3.91103179e+00 
 5.01187234e+05 -4.13780274e+00 
 5.24807460e+05 -4.37091553e+00 
 5.49540874e+05 -4.60997731e+00 
 5.75439937e+05 -4.85456343e+00 
 6.02559586e+05 -5.10422157e+00 
 6.30957344e+05 -5.35847603e+00 
 6.60693448e+05 -5.61683239e+00 
 6.91830971e+05 -5.87878225e+00 
 7.24435960e+05 -6.14380816e+00 
 7.58577575e+05 -6.41138866e+00 
 7.94328235e+05 -6.68100343e+00 
 8.31763771e+05 -6.95213850e+00 
 8.70963590e+05 -7.22429157e+00 
 9.12010839e+05 -7.49697742e+00 
 9.54992586e+05 -7.76973346e+00 
 1.00000000e+06 -8.04212527e+00 
 1.04712855e+06 -8.31375239e+00 
 1.09647820e+06 -8.58425401e+00 
 1.14815362e+06 -8.85331486e+00 
 1.20226443e+06 -9.12067100e+00 
 1.25892541e+06 -9.38611562e+00 
 1.31825674e+06 -9.64950469e+00 
 1.38038426e+06 -9.91076238e+00 
 1.44543977e+06 -1.01698862e+01 
 1.51356125e+06 -1.04269518e+01 
 1.58489319e+06 -1.06821171e+01 
 1.65958691e+06 -1.09356257e+01 
 1.73780083e+06 -1.11878098e+01 
 1.81970086e+06 -1.14390922e+01 
 1.90546072e+06 -1.16899868e+01 
 1.99526231e+06 -1.19410985e+01 
 2.08929613e+06 -1.21931216e+01 
 2.18776162e+06 -1.24468366e+01 
 2.29086765e+06 -1.27031057e+01 
 2.39883292e+06 -1.29628665e+01 
 2.51188643e+06 -1.32271240e+01 
 2.63026799e+06 -1.34969403e+01 
 2.75422870e+06 -1.37734226e+01 
 2.88403150e+06 -1.40577092e+01 
 3.01995172e+06 -1.43509535e+01 
 3.16227766e+06 -1.46543059e+01 
 3.31131121e+06 -1.49688943e+01 
 3.46736850e+06 -1.52958038e+01 
 3.63078055e+06 -1.56360551e+01 
 3.80189396e+06 -1.59905835e+01 
 3.98107171e+06 -1.63602184e+01 
 4.16869383e+06 -1.67456651e+01 
 4.36515832e+06 -1.71474886e+01 
 4.57088190e+06 -1.75661007e+01 
 4.78630092e+06 -1.80017517e+01 
 5.01187234e+06 -1.84545260e+01 
 5.24807460e+06 -1.89243426e+01 
 5.49540874e+06 -1.94109596e+01 
 5.75439937e+06 -1.99139831e+01 
 6.02559586e+06 -2.04328800e+01 
 6.30957344e+06 -2.09669929e+01 
 6.60693448e+06 -2.15155568e+01 
 6.91830971e+06 -2.20777178e+01 
 7.24435960e+06 -2.26525509e+01 
 7.58577575e+06 -2.32390781e+01 
 7.94328235e+06 -2.38362849e+01 
 8.31763771e+06 -2.44431363e+01 
 8.70963590e+06 -2.50585897e+01 
 9.12010839e+06 -2.56816077e+01 
 9.54992586e+06 -2.63111679e+01 
 1.00000000e+07 -2.69462715e+01 
