 0.00000000e+00  9.99250352e-01  9.99999800e-01  1.00000000e+00 -7.49647757e-01  7.50000000e+01 
 2.50000000e-01  9.97201686e-01  9.98046875e-01  9.98046875e-01 -8.45189141e-01  8.47560883e+01 
 5.00000000e-01  9.95153104e-01  9.96093750e-01  9.96093750e-01 -9.40645619e-01  9.44931030e+01 
 7.50000000e-01  9.93105259e-01  9.94140625e-01  9.94140625e-01 -1.03536627e+00  1.04211044e+02 
 1.00000000e+00  9.91058147e-01  9.92187500e-01  9.92187500e-01 -1.12935326e+00  1.13909912e+02 
 1.25000000e+00  9.89011656e-01  9.90234375e-01  9.90234375e-01 -1.22271873e+00  1.23589706e+02 
 1.50000000e+00  9.86965742e-01  9.88281250e-01  9.88281250e-01 -1.31550807e+00  1.33250427e+02 
 1.75000000e+00  9.84920399e-01  9.86328125e-01  9.86328125e-01 -1.40772615e+00  1.42892075e+02 
 2.00000000e+00  9.82875630e-01  9.84375000e-01  9.84375000e-01 -1.49937008e+00  1.52514648e+02 
 2.25000000e+00  9.80831437e-01  9.82421875e-01  9.82421875e-01 -1.59043808e+00  1.62118149e+02 
 2.50000000e+00  9.78787820e-01  9.80468750e-01  9.80468750e-01 -1.68092990e+00  1.71702576e+02 
 2.75000000e+00  9.76744779e-01  9.78515625e-01  9.78515625e-01 -1.77084608e+00  1.81267929e+02 
 3.00000000e+00  9.74702312e-01  9.76562500e-01  9.76562500e-01 -1.86018751e+00  1.90814209e+02 
 3.25000000e+00  9.72660420e-01  9.74609375e-01  9.74609375e-01 -1.94895525e+00  2.00341415e+02 
 3.50000000e+00  9.70619100e-01  9.72656250e-01  9.72656250e-01 -2.03715046e+00  2.09849548e+02 
 3.75000000e+00  9.68578351e-01  9.70703125e-01  9.70703125e-01 -2.12477437e+00  2.19338608e+02 
 4.00000000e+00  9.66538172e-01  9.68750000e-01  9.68750000e-01 -2.21182821e+00  2.28808594e+02 
 4.25000000e+00  9.64498562e-01  9.66796875e-01  9.66796875e-01 -2.29831326e+00  2.38259506e+02 
 4.50000000e+00  9.62459519e-01  9.64843750e-01  9.64843750e-01 -2.38423080e+00  2.47691345e+02 
 4.75000000e+00  9.60421043e-01  9.62890625e-01  9.62890625e-01 -2.46958212e+00  2.57104111e+02 
 5.00000000e+00  9.58383131e-01  9.60937500e-01  9.60937500e-01 -2.55436851e+00  2.66497803e+02 
 5.25000000e+00  9.56345784e-01  9.58984375e-01  9.58984375e-01 -2.63859129e+00  2.75872421e+02 
 5.50000000e+00  9.54308998e-01  9.57031250e-01  9.57031250e-01 -2.72225175e+00  2.85227966e+02 
 5.75000000e+00  9.52272774e-01  9.55078125e-01  9.55078125e-01 -2.80535121e+00  2.94564438e+02 
 6.00000000e+00  9.50237109e-01  9.53125000e-01  9.53125000e-01 -2.88789096e+00  3.03881836e+02 
 6.25000000e+00  9.48202003e-01  9.51171875e-01  9.51171875e-01 -2.96987232e+00  3.13180161e+02 
 6.50000000e+00  9.46167453e-01  9.49218750e-01  9.49218750e-01 -3.05129660e+00  3.22459412e+02 
 6.75000000e+00  9.44133460e-01  9.47265625e-01  9.47265625e-01 -3.13216511e+00  3.31719589e+02 
 7.00000000e+00  9.42100021e-01  9.45312500e-01  9.45312500e-01 -3.21247915e+00  3.40960693e+02 
 7.25000000e+00  9.40067135e-01  9.43359375e-01  9.43359375e-01 -3.29224003e+00  3.50182724e+02 
 7.50000000e+00  9.38034801e-01  9.41406250e-01  9.41406250e-01 -3.37144906e+00  3.59385681e+02 
 7.75000000e+00  9.36003017e-01  9.39453125e-01  9.39453125e-01 -3.45010756e+00  3.68569565e+02 
 8.00000000e+00  9.33971783e-01  9.37500000e-01  9.37500000e-01 -3.52821682e+00  3.77734375e+02 
 8.25000000e+00  9.31941097e-01  9.35546875e-01  9.35546875e-01 -3.60577815e+00  3.86880112e+02 
 8.50000000e+00  9.29910957e-01  9.33593750e-01  9.33593750e-01 -3.68279285e+00  3.96006775e+02 
 8.75000000e+00  9.27881363e-01  9.31640625e-01  9.31640625e-01 -3.75926224e+00  4.05114365e+02 
 9.00000000e+00  9.25852312e-01  9.29687500e-01  9.29687500e-01 -3.83518761e+00  4.14202881e+02 
 9.25000000e+00  9.23823805e-01  9.27734375e-01  9.27734375e-01 -3.91057027e+00  4.23272324e+02 
 9.50000000e+00  9.21795838e-01  9.25781250e-01  9.25781250e-01 -3.98541151e+00  4.32322693e+02 
 9.75000000e+00  9.19768412e-01  9.23828125e-01  9.23828125e-01 -4.05971264e+00  4.41353989e+02 
 1.00000000e+01  9.17741525e-01  9.21875000e-01  9.21875000e-01 -4.13347496e+00  4.50366211e+02 
 1.02500000e+01  9.15715175e-01  9.19921875e-01  9.19921875e-01 -4.20669977e+00  4.59359360e+02 
 1.05000000e+01  9.13689362e-01  9.17968750e-01  9.17968750e-01 -4.27938836e+00  4.68333435e+02 
 1.07500000e+01  9.11664083e-01  9.16015625e-01  9.16015625e-01 -4.35154203e+00  4.77288437e+02 
 1.10000000e+01  9.09639338e-01  9.14062500e-01  9.14062500e-01 -4.42316208e+00  4.86224365e+02 
 1.12500000e+01  9.07615125e-01  9.12109375e-01  9.12109375e-01 -4.49424980e+00  4.95141220e+02 
 1.15000000e+01  9.05591444e-01  9.10156250e-01  9.10156250e-01 -4.56480648e+00  5.04039001e+02 
 1.17500000e+01  9.03568292e-01  9.08203125e-01  9.08203125e-01 -4.63483342e+00  5.12917709e+02 
 1.20000000e+01  9.01545668e-01  9.06250000e-01  9.06250000e-01 -4.70433191e+00  5.21777344e+02 
 1.22500000e+01  8.99523572e-01  9.04296875e-01  9.04296875e-01 -4.77330324e+00  5.30617905e+02 
 1.25000000e+01  8.97502001e-01  9.02343750e-01  9.02343750e-01 -4.84174869e+00  5.39439392e+02 
 1.27500000e+01  8.95480955e-01  9.00390625e-01  9.00390625e-01 -4.90966957e+00  5.48241806e+02 
 1.30000000e+01  8.93460433e-01  8.98437500e-01  8.98437500e-01 -4.97706714e+00  5.57025146e+02 
 1.32500000e+01  8.91440432e-01  8.96484375e-01  8.96484375e-01 -5.04394271e+00  5.65789413e+02 
 1.35000000e+01  8.89420952e-01  8.94531250e-01  8.94531250e-01 -5.11029756e+00  5.74534607e+02 
 1.37500000e+01  8.87401992e-01  8.92578125e-01  8.92578125e-01 -5.17613297e+00  5.83260727e+02 
 1.40000000e+01  8.85383550e-01  8.90625000e-01  8.90625000e-01 -5.24145022e+00  5.91967773e+02 
 1.42500000e+01  8.83365624e-01  8.88671875e-01  8.88671875e-01 -5.30625060e+00  6.00655746e+02 
 1.45000000e+01  8.81348215e-01  8.86718750e-01  8.86718750e-01 -5.37053538e+00  6.09324646e+02 
 1.47500000e+01  8.79331319e-01  8.84765625e-01  8.84765625e-01 -5.43430586e+00  6.17974472e+02 
 1.50000000e+01  8.77314937e-01  8.82812500e-01  8.82812500e-01 -5.49756330e+00  6.26605225e+02 
 1.52500000e+01  8.75299066e-01  8.80859375e-01  8.80859375e-01 -5.56030899e+00  6.35216904e+02 
 1.55000000e+01  8.73283706e-01  8.78906250e-01  8.78906250e-01 -5.62254420e+00  6.43809509e+02 
 1.57500000e+01  8.71268855e-01  8.76953125e-01  8.76953125e-01 -5.68427021e+00  6.52383041e+02 
 1.60000000e+01  8.69254512e-01  8.75000000e-01  8.75000000e-01 -5.74548830e+00  6.60937500e+02 
 1.62500000e+01  8.67240675e-01  8.73046875e-01  8.73046875e-01 -5.80619974e+00  6.69472885e+02 
 1.65000000e+01  8.65227344e-01  8.71093750e-01  8.71093750e-01 -5.86640580e+00  6.77989197e+02 
 1.67500000e+01  8.63214517e-01  8.69140625e-01  8.69140625e-01 -5.92610775e+00  6.86486435e+02 
 1.70000000e+01  8.61202193e-01  8.67187500e-01  8.67187500e-01 -5.98530687e+00  6.94964600e+02 
 1.72500000e+01  8.59190371e-01  8.65234375e-01  8.65234375e-01 -6.04400443e+00  7.03423691e+02 
 1.75000000e+01  8.57179048e-01  8.63281250e-01  8.63281250e-01 -6.10220170e+00  7.11863708e+02 
 1.77500000e+01  8.55168225e-01  8.61328125e-01  8.61328125e-01 -6.15989993e+00  7.20284653e+02 
 1.80000000e+01  8.53157900e-01  8.59375000e-01  8.59375000e-01 -6.21710041e+00  7.28686523e+02 
 1.82500000e+01  8.51148071e-01  8.57421875e-01  8.57421875e-01 -6.27380440e+00  7.37069321e+02 
 1.85000000e+01  8.49138737e-01  8.55468750e-01  8.55468750e-01 -6.33001317e+00  7.45433044e+02 
 1.87500000e+01  8.47129897e-01  8.53515625e-01  8.53515625e-01 -6.38572797e+00  7.53777695e+02 
 1.90000000e+01  8.45121550e-01  8.51562500e-01  8.51562500e-01 -6.44095007e+00  7.62103271e+02 
 1.92500000e+01  8.43113694e-01  8.49609375e-01  8.49609375e-01 -6.49568073e+00  7.70409775e+02 
 1.95000000e+01  8.41106329e-01  8.47656250e-01  8.47656250e-01 -6.54992122e+00  7.78697205e+02 
 1.97500000e+01  8.39099452e-01  8.45703125e-01  8.45703125e-01 -6.60367280e+00  7.86965561e+02 
 2.00000000e+01  8.37093063e-01  8.43750000e-01  8.43750000e-01 -6.65693672e+00  7.95214844e+02 
 2.02500000e+01  8.35087161e-01  8.41796875e-01  8.41796875e-01 -6.70971425e+00  8.03445053e+02 
 2.05000000e+01  8.33081743e-01  8.39843750e-01  8.39843750e-01 -6.76200663e+00  8.11656189e+02 
 2.07500000e+01  8.31076810e-01  8.37890625e-01  8.37890625e-01 -6.81381514e+00  8.19848251e+02 
 2.10000000e+01  8.29072359e-01  8.35937500e-01  8.35937500e-01 -6.86514102e+00  8.28021240e+02 
 2.12500000e+01  8.27068389e-01  8.33984375e-01  8.33984375e-01 -6.91598553e+00  8.36175156e+02 
 2.15000000e+01  8.25064900e-01  8.32031250e-01  8.32031250e-01 -6.96634992e+00  8.44309998e+02 
 2.17500000e+01  8.23061890e-01  8.30078125e-01  8.30078125e-01 -7.01623544e+00  8.52425766e+02 
 2.20000000e+01  8.21059357e-01  8.28125000e-01  8.28125000e-01 -7.06564336e+00  8.60522461e+02 
 2.22500000e+01  8.19057300e-01  8.26171875e-01  8.26171875e-01 -7.11457491e+00  8.68600082e+02 
 2.25000000e+01  8.17055719e-01  8.24218750e-01  8.24218750e-01 -7.16303135e+00  8.76658630e+02 
 2.27500000e+01  8.15054611e-01  8.22265625e-01  8.22265625e-01 -7.21101393e+00  8.84698105e+02 
 2.30000000e+01  8.13053976e-01  8.20312500e-01  8.20312500e-01 -7.25852389e+00  8.92718506e+02 
 2.32500000e+01  8.11053813e-01  8.18359375e-01  8.18359375e-01 -7.30556248e+00  9.00719833e+02 
 2.35000000e+01  8.09054119e-01  8.16406250e-01  8.16406250e-01 -7.35213096e+00  9.08702087e+02 
 2.37500000e+01  8.07054894e-01  8.14453125e-01  8.14453125e-01 -7.39823056e+00  9.16665268e+02 
 2.40000000e+01  8.05056137e-01  8.12500000e-01  8.12500000e-01 -7.44386253e+00  9.24609375e+02 
 2.42500000e+01  8.03057847e-01  8.10546875e-01  8.10546875e-01 -7.48902811e+00  9.32534409e+02 
 2.45000000e+01  8.01060021e-01  8.08593750e-01  8.08593750e-01 -7.53372854e+00  9.40440369e+02 
 2.47500000e+01  7.99062660e-01  8.06640625e-01  8.06640625e-01 -7.57796508e+00  9.48327255e+02 
 2.50000000e+01  7.97065761e-01  8.04687500e-01  8.04687500e-01 -7.62173895e+00  9.56195068e+02 
 2.52500000e+01  7.95069324e-01  8.02734375e-01  8.02734375e-01 -7.66505139e+00  9.64043808e+02 
 2.55000000e+01  7.93073346e-01  8.00781250e-01  8.00781250e-01 -7.70790366e+00  9.71873474e+02 
 2.57500000e+01  7.91077828e-01  7.98828125e-01  7.98828125e-01 -7.75029697e+00  9.79684067e+02 
 2.60000000e+01  7.89082767e-01  7.96875000e-01  7.96875000e-01 -7.79223258e+00  9.87475586e+02 
 2.62500000e+01  7.87088163e-01  7.94921875e-01  7.94921875e-01 -7.83371172e+00  9.95248032e+02 
 2.65000000e+01  7.85094014e-01  7.92968750e-01  7.92968750e-01 -7.87473562e+00  1.00300140e+03 
 2.67500000e+01  7.83100319e-01  7.91015625e-01  7.91015625e-01 -7.91530552e+00  1.01073570e+03 
 2.70000000e+01  7.81107077e-01  7.89062500e-01  7.89062500e-01 -7.95542265e+00  1.01845093e+03 
 2.72500000e+01  7.79114287e-01  7.87109375e-01  7.87109375e-01 -7.99508824e+00  1.02614708e+03 
 2.75000000e+01  7.77121946e-01  7.85156250e-01  7.85156250e-01 -8.03430353e+00  1.03382416e+03 
 2.77500000e+01  7.75130055e-01  7.83203125e-01  7.83203125e-01 -8.07306974e+00  1.04148216e+03 
 2.80000000e+01  7.73138612e-01  7.81250000e-01  7.81250000e-01 -8.11138812e+00  1.04912109e+03 
 2.82500000e+01  7.71147615e-01  7.79296875e-01  7.79296875e-01 -8.14925987e+00  1.05674095e+03 
 2.85000000e+01  7.69157064e-01  7.77343750e-01  7.77343750e-01 -8.18668625e+00  1.06434174e+03 
 2.87500000e+01  7.67166957e-01  7.75390625e-01  7.75390625e-01 -8.22366846e+00  1.07192345e+03 
 2.90000000e+01  7.65177292e-01  7.73437500e-01  7.73437500e-01 -8.26020774e+00  1.07948608e+03 
 2.92500000e+01  7.63188070e-01  7.71484375e-01  7.71484375e-01 -8.29630531e+00  1.08702965e+03 
 2.95000000e+01  7.61199288e-01  7.69531250e-01  7.69531250e-01 -8.33196240e+00  1.09455414e+03 
 2.97500000e+01  7.59210945e-01  7.67578125e-01  7.67578125e-01 -8.36718024e+00  1.10205956e+03 
 3.00000000e+01  7.57223040e-01  7.65625000e-01  7.65625000e-01 -8.40196004e+00  1.10954590e+03 
 3.02500000e+01  7.55235572e-01  7.63671875e-01  7.63671875e-01 -8.43630303e+00  1.11701317e+03 
 3.05000000e+01  7.53248540e-01  7.61718750e-01  7.61718750e-01 -8.47021042e+00  1.12446136e+03 
 3.07500000e+01  7.51261942e-01  7.59765625e-01  7.59765625e-01 -8.50368345e+00  1.13189049e+03 
 3.10000000e+01  7.49275777e-01  7.57812500e-01  7.57812500e-01 -8.53672332e+00  1.13930054e+03 
 3.12500000e+01  7.47290044e-01  7.55859375e-01  7.55859375e-01 -8.56933126e+00  1.14669151e+03 
 3.15000000e+01  7.45304742e-01  7.53906250e-01  7.53906250e-01 -8.60150849e+00  1.15406342e+03 
 3.17500000e+01  7.43319869e-01  7.51953125e-01  7.51953125e-01 -8.63325622e+00  1.16141624e+03 
 3.20000000e+01  7.41335424e-01  7.50000000e-01  7.50000000e-01 -8.66457567e+00  1.16875000e+03 
 3.22500000e+01  7.39351407e-01  7.48046875e-01  7.48046875e-01 -8.69546806e+00  1.17606468e+03 
 3.25000000e+01  7.37367815e-01  7.46093750e-01  7.46093750e-01 -8.72593459e+00  1.18336029e+03 
 3.27500000e+01  7.35384649e-01  7.44140625e-01  7.44140625e-01 -8.75597649e+00  1.19063683e+03 
 3.30000000e+01  7.33401905e-01  7.42187500e-01  7.42187500e-01 -8.78559496e+00  1.19789429e+03 
 3.32500000e+01  7.31419584e-01  7.40234375e-01  7.40234375e-01 -8.81479122e+00  1.20513268e+03 
 3.35000000e+01  7.29437684e-01  7.38281250e-01  7.38281250e-01 -8.84356648e+00  1.21235199e+03 
 3.37500000e+01  7.27456203e-01  7.36328125e-01  7.36328125e-01 -8.87192195e+00  1.21955223e+03 
 3.40000000e+01  7.25475141e-01  7.34375000e-01  7.34375000e-01 -8.89985883e+00  1.22673340e+03 
 3.42500000e+01  7.23494497e-01  7.32421875e-01  7.32421875e-01 -8.92737835e+00  1.23389549e+03 
 3.45000000e+01  7.21514268e-01  7.30468750e-01  7.30468750e-01 -8.95448170e+00  1.24103851e+03 
 3.47500000e+01  7.19534455e-01  7.28515625e-01  7.28515625e-01 -8.98117010e+00  1.24816246e+03 
 3.50000000e+01  7.17555055e-01  7.26562500e-01  7.26562500e-01 -9.00744475e+00  1.25526733e+03 
 3.52500000e+01  7.15576068e-01  7.24609375e-01  7.24609375e-01 -9.03330685e+00  1.26235313e+03 
 3.55000000e+01  7.13597492e-01  7.22656250e-01  7.22656250e-01 -9.05875761e+00  1.26941986e+03 
 3.57500000e+01  7.11619327e-01  7.20703125e-01  7.20703125e-01 -9.08379823e+00  1.27646751e+03 
 3.60000000e+01  7.09641570e-01  7.18750000e-01  7.18750000e-01 -9.10842993e+00  1.28349609e+03 
 3.62500000e+01  7.07664221e-01  7.16796875e-01  7.16796875e-01 -9.13265389e+00  1.29050560e+03 
 3.65000000e+01  7.05687279e-01  7.14843750e-01  7.14843750e-01 -9.15647132e+00  1.29749603e+03 
 3.67500000e+01  7.03710742e-01  7.12890625e-01  7.12890625e-01 -9.17988343e+00  1.30446739e+03 
 3.70000000e+01  7.01734609e-01  7.10937500e-01  7.10937500e-01 -9.20289141e+00  1.31141968e+03 
 3.72500000e+01  6.99758879e-01  7.08984375e-01  7.08984375e-01 -9.22549646e+00  1.31835289e+03 
 3.75000000e+01  6.97783550e-01  7.07031250e-01  7.07031250e-01 -9.24769978e+00  1.32526703e+03 
 3.77500000e+01  6.95808622e-01  7.05078125e-01  7.05078125e-01 -9.26950256e+00  1.33216209e+03 
 3.80000000e+01  6.93834094e-01  7.03125000e-01  7.03125000e-01 -9.29090601e+00  1.33903809e+03 
 3.82500000e+01  6.91859964e-01  7.01171875e-01  7.01171875e-01 -9.31191133e+00  1.34589500e+03 
 3.85000000e+01  6.89886230e-01  6.99218750e-01  6.99218750e-01 -9.33251969e+00  1.35273285e+03 
 3.87500000e+01  6.87912893e-01  6.97265625e-01  6.97265625e-01 -9.35273231e+00  1.35955162e+03 
 3.90000000e+01  6.85939950e-01  6.95312500e-01  6.95312500e-01 -9.37255037e+00  1.36635132e+03 
 3.92500000e+01  6.83967400e-01  6.93359375e-01  6.93359375e-01 -9.39197507e+00  1.37313194e+03 
 3.95000000e+01  6.81995242e-01  6.91406250e-01  6.91406250e-01 -9.41100760e+00  1.37989349e+03 
 3.97500000e+01  6.80023476e-01  6.89453125e-01  6.89453125e-01 -9.42964915e+00  1.38663597e+03 
 4.00000000e+01  6.78052099e-01  6.87500000e-01  6.87500000e-01 -9.44790091e+00  1.39335938e+03 
 4.02500000e+01  6.76081111e-01  6.85546875e-01  6.85546875e-01 -9.46576407e+00  1.40006371e+03 
 4.05000000e+01  6.74110510e-01  6.83593750e-01  6.83593750e-01 -9.48323982e+00  1.40674896e+03 
 4.07500000e+01  6.72140296e-01  6.81640625e-01  6.81640625e-01 -9.50032936e+00  1.41341515e+03 
 4.10000000e+01  6.70170466e-01  6.79687500e-01  6.79687500e-01 -9.51703385e+00  1.42006226e+03 
 4.12500000e+01  6.68201020e-01  6.77734375e-01  6.77734375e-01 -9.53335451e+00  1.42669029e+03 
 4.15000000e+01  6.66231957e-01  6.75781250e-01  6.75781250e-01 -9.54929250e+00  1.43329926e+03 
 4.17500000e+01  6.64263276e-01  6.73828125e-01  6.73828125e-01 -9.56484902e+00  1.43988914e+03 
 4.20000000e+01  6.62294975e-01  6.71875000e-01  6.71875000e-01 -9.58002525e+00  1.44645996e+03 
 4.22500000e+01  6.60327053e-01  6.69921875e-01  6.69921875e-01 -9.59482238e+00  1.45301170e+03 
 4.25000000e+01  6.58359508e-01  6.67968750e-01  6.67968750e-01 -9.60924158e+00  1.45954437e+03 
 4.27500000e+01  6.56392341e-01  6.66015625e-01  6.66015625e-01 -9.62328404e+00  1.46605797e+03 
 4.30000000e+01  6.54425549e-01  6.64062500e-01  6.64062500e-01 -9.63695095e+00  1.47255249e+03 
 4.32500000e+01  6.52459132e-01  6.62109375e-01  6.62109375e-01 -9.65024348e+00  1.47902794e+03 
 4.35000000e+01  6.50493087e-01  6.60156250e-01  6.60156250e-01 -9.66316281e+00  1.48548431e+03 
 4.37500000e+01  6.48527415e-01  6.58203125e-01  6.58203125e-01 -9.67571013e+00  1.49192162e+03 
 4.40000000e+01  6.46562113e-01  6.56250000e-01  6.56250000e-01 -9.68788660e+00  1.49833984e+03 
 4.42500000e+01  6.44597182e-01  6.54296875e-01  6.54296875e-01 -9.69969342e+00  1.50473900e+03 
 4.45000000e+01  6.42632618e-01  6.52343750e-01  6.52343750e-01 -9.71113176e+00  1.51111908e+03 
 4.47500000e+01  6.40668422e-01  6.50390625e-01  6.50390625e-01 -9.72220279e+00  1.51748009e+03 
 4.50000000e+01  6.38704592e-01  6.48437500e-01  6.48437500e-01 -9.73290770e+00  1.52382202e+03 
 4.52500000e+01  6.36741127e-01  6.46484375e-01  6.46484375e-01 -9.74324765e+00  1.53014488e+03 
 4.55000000e+01  6.34778026e-01  6.44531250e-01  6.44531250e-01 -9.75322382e+00  1.53644867e+03 
 4.57500000e+01  6.32815288e-01  6.42578125e-01  6.42578125e-01 -9.76283738e+00  1.54273338e+03 
 4.60000000e+01  6.30852910e-01  6.40625000e-01  6.40625000e-01 -9.77208952e+00  1.54899902e+03 
 4.62500000e+01  6.28890894e-01  6.38671875e-01  6.38671875e-01 -9.78098139e+00  1.55524559e+03 
 4.65000000e+01  6.26929236e-01  6.36718750e-01  6.36718750e-01 -9.78951418e+00  1.56147308e+03 
 4.67500000e+01  6.24967936e-01  6.34765625e-01  6.34765625e-01 -9.79768905e+00  1.56768150e+03 
 4.70000000e+01  6.23006993e-01  6.32812500e-01  6.32812500e-01 -9.80550718e+00  1.57387085e+03 
 4.72500000e+01  6.21046405e-01  6.30859375e-01  6.30859375e-01 -9.81296973e+00  1.58004112e+03 
 4.75000000e+01  6.19086172e-01  6.28906250e-01  6.28906250e-01 -9.82007787e+00  1.58619232e+03 
 4.77500000e+01  6.17126292e-01  6.26953125e-01  6.26953125e-01 -9.82683278e+00  1.59232445e+03 
 4.80000000e+01  6.15166764e-01  6.25000000e-01  6.25000000e-01 -9.83323562e+00  1.59843750e+03 
 4.82500000e+01  6.13207587e-01  6.23046875e-01  6.23046875e-01 -9.83928755e+00  1.60453148e+03 
 4.85000000e+01  6.11248760e-01  6.21093750e-01  6.21093750e-01 -9.84498974e+00  1.61060638e+03 
 4.87500000e+01  6.09290282e-01  6.19140625e-01  6.19140625e-01 -9.85034337e+00  1.61666222e+03 
 4.90000000e+01  6.07332150e-01  6.17187500e-01  6.17187500e-01 -9.85534959e+00  1.62269897e+03 
 4.92500000e+01  6.05374365e-01  6.15234375e-01  6.15234375e-01 -9.86000956e+00  1.62871666e+03 
 4.95000000e+01  6.03416926e-01  6.13281250e-01  6.13281250e-01 -9.86432446e+00  1.63471527e+03 
 4.97500000e+01  6.01459830e-01  6.11328125e-01  6.11328125e-01 -9.86829545e+00  1.64069481e+03 
 5.00000000e+01  5.99503076e-01  6.09375000e-01  6.09375000e-01 -9.87192368e+00  1.64665527e+03 
 5.02500000e+01  5.97546665e-01  6.07421875e-01  6.07421875e-01 -9.87521032e+00  1.65259666e+03 
 5.05000000e+01  5.95590593e-01  6.05468750e-01  6.05468750e-01 -9.87815653e+00  1.65851898e+03 
 5.07500000e+01  5.93634862e-01  6.03515625e-01  6.03515625e-01 -9.88076348e+00  1.66442223e+03 
 5.10000000e+01  5.91679468e-01  6.01562500e-01  6.01562500e-01 -9.88303231e+00  1.67030640e+03 
 5.12500000e+01  5.89724411e-01  5.99609375e-01  5.99609375e-01 -9.88496419e+00  1.67617149e+03 
 5.15000000e+01  5.87769690e-01  5.97656250e-01  5.97656250e-01 -9.88656028e+00  1.68201752e+03 
 5.17500000e+01  5.85815303e-01  5.95703125e-01  5.95703125e-01 -9.88782174e+00  1.68784447e+03 
 5.20000000e+01  5.83861250e-01  5.93750000e-01  5.93750000e-01 -9.88874972e+00  1.69365234e+03 
 5.22500000e+01  5.81907530e-01  5.91796875e-01  5.91796875e-01 -9.88934538e+00  1.69944115e+03 
 5.25000000e+01  5.79954140e-01  5.89843750e-01  5.89843750e-01 -9.88960988e+00  1.70521088e+03 
 5.27500000e+01  5.78001081e-01  5.87890625e-01  5.87890625e-01 -9.88954437e+00  1.71096153e+03 
 5.30000000e+01  5.76048350e-01  5.85937500e-01  5.85937500e-01 -9.88915000e+00  1.71669312e+03 
 5.32500000e+01  5.74095947e-01  5.83984375e-01  5.83984375e-01 -9.88842793e+00  1.72240562e+03 
 5.35000000e+01  5.72143871e-01  5.82031250e-01  5.82031250e-01 -9.88737932e+00  1.72809906e+03 
 5.37500000e+01  5.70192120e-01  5.80078125e-01  5.80078125e-01 -9.88600531e+00  1.73377342e+03 
 5.40000000e+01  5.68240693e-01  5.78125000e-01  5.78125000e-01 -9.88430706e+00  1.73942871e+03 
 5.42500000e+01  5.66289589e-01  5.76171875e-01  5.76171875e-01 -9.88228572e+00  1.74506493e+03 
 5.45000000e+01  5.64338808e-01  5.74218750e-01  5.74218750e-01 -9.87994244e+00  1.75068207e+03 
 5.47500000e+01  5.62388347e-01  5.72265625e-01  5.72265625e-01 -9.87727838e+00  1.75628014e+03 
 5.50000000e+01  5.60438205e-01  5.70312500e-01  5.70312500e-01 -9.87429467e+00  1.76185913e+03 
 5.52500000e+01  5.58488383e-01  5.68359375e-01  5.68359375e-01 -9.87099247e+00  1.76741905e+03 
 5.55000000e+01  5.56538877e-01  5.66406250e-01  5.66406250e-01 -9.86737293e+00  1.77295990e+03 
 5.57500000e+01  5.54589688e-01  5.64453125e-01  5.64453125e-01 -9.86343720e+00  1.77848167e+03 
 5.60000000e+01  5.52640814e-01  5.62500000e-01  5.62500000e-01 -9.85918642e+00  1.78398438e+03 
 5.62500000e+01  5.50692253e-01  5.60546875e-01  5.60546875e-01 -9.85462174e+00  1.78946800e+03 
 5.65000000e+01  5.48744006e-01  5.58593750e-01  5.58593750e-01 -9.84974430e+00  1.79493256e+03 
 5.67500000e+01  5.46796070e-01  5.56640625e-01  5.56640625e-01 -9.84455526e+00  1.80037804e+03 
 5.70000000e+01  5.44848444e-01  5.54687500e-01  5.54687500e-01 -9.83905575e+00  1.80580444e+03 
 5.72500000e+01  5.42901128e-01  5.52734375e-01  5.52734375e-01 -9.83324692e+00  1.81121178e+03 
 5.75000000e+01  5.40954120e-01  5.50781250e-01  5.50781250e-01 -9.82712992e+00  1.81660004e+03 
 5.77500000e+01  5.39007419e-01  5.48828125e-01  5.48828125e-01 -9.82070588e+00  1.82196922e+03 
 5.80000000e+01  5.37061024e-01  5.46875000e-01  5.46875000e-01 -9.81397596e+00  1.82731934e+03 
 5.82500000e+01  5.35114934e-01  5.44921875e-01  5.44921875e-01 -9.80694128e+00  1.83265038e+03 
 5.85000000e+01  5.33169147e-01  5.42968750e-01  5.42968750e-01 -9.79960300e+00  1.83796234e+03 
 5.87500000e+01  5.31223663e-01  5.41015625e-01  5.41015625e-01 -9.79196225e+00  1.84325523e+03 
 5.90000000e+01  5.29278480e-01  5.39062500e-01  5.39062500e-01 -9.78402018e+00  1.84852905e+03 
 5.92500000e+01  5.27333597e-01  5.37109375e-01  5.37109375e-01 -9.77577792e+00  1.85378380e+03 
 5.95000000e+01  5.25389013e-01  5.35156250e-01  5.35156250e-01 -9.76723661e+00  1.85901947e+03 
 5.97500000e+01  5.23444728e-01  5.33203125e-01  5.33203125e-01 -9.75839739e+00  1.86423607e+03 
 6.00000000e+01  5.21500739e-01  5.31250000e-01  5.31250000e-01 -9.74926140e+00  1.86943359e+03 
 6.02500000e+01  5.19557045e-01  5.29296875e-01  5.29296875e-01 -9.73982978e+00  1.87461205e+03 
 6.05000000e+01  5.17613646e-01  5.27343750e-01  5.27343750e-01 -9.73010366e+00  1.87977142e+03 
 6.07500000e+01  5.15670541e-01  5.25390625e-01  5.25390625e-01 -9.72008418e+00  1.88491173e+03 
 6.10000000e+01  5.13727728e-01  5.23437500e-01  5.23437500e-01 -9.70977247e+00  1.89003296e+03 
 6.12500000e+01  5.11785205e-01  5.21484375e-01  5.21484375e-01 -9.69916967e+00  1.89513512e+03 
 6.15000000e+01  5.09842973e-01  5.19531250e-01  5.19531250e-01 -9.68827692e+00  1.90021820e+03 
 6.17500000e+01  5.07901030e-01  5.17578125e-01  5.17578125e-01 -9.67709534e+00  1.90528221e+03 
 6.20000000e+01  5.05959374e-01  5.15625000e-01  5.15625000e-01 -9.66562608e+00  1.91032715e+03 
 6.22500000e+01  5.04018005e-01  5.13671875e-01  5.13671875e-01 -9.65387026e+00  1.91535301e+03 
 6.25000000e+01  5.02076921e-01  5.11718750e-01  5.11718750e-01 -9.64182902e+00  1.92035980e+03 
 6.27500000e+01  5.00136122e-01  5.09765625e-01  5.09765625e-01 -9.62950348e+00  1.92534752e+03 
 6.30000000e+01  4.98195605e-01  5.07812500e-01  5.07812500e-01 -9.61689479e+00  1.93031616e+03 
 6.32500000e+01  4.96255371e-01  5.05859375e-01  5.05859375e-01 -9.60400407e+00  1.93526573e+03 
 6.35000000e+01  4.94315418e-01  5.03906250e-01  5.03906250e-01 -9.59083244e+00  1.94019623e+03 
 6.37500000e+01  4.92375744e-01  5.01953125e-01  5.01953125e-01 -9.57738105e+00  1.94510765e+03 
 6.40000000e+01  4.90436349e-01  5.00000000e-01  5.00000000e-01 -9.56365102e+00  1.95000000e+03 
 6.42500000e+01  4.88497232e-01  4.98046875e-01  4.98046875e-01 -9.54964347e+00  1.95487328e+03 
 6.45000000e+01  4.86558390e-01  4.96093750e-01  4.96093750e-01 -9.53535954e+00  1.95972748e+03 
 6.47500000e+01  4.84619825e-01  4.94140625e-01  4.94140625e-01 -9.52080036e+00  1.96456261e+03 
 6.50000000e+01  4.82681533e-01  4.92187500e-01  4.92187500e-01 -9.50596704e+00  1.96937866e+03 
 6.52500000e+01  4.80743514e-01  4.90234375e-01  4.90234375e-01 -9.49086072e+00  1.97417564e+03 
 6.55000000e+01  4.78805767e-01  4.88281250e-01  4.88281250e-01 -9.47548253e+00  1.97895355e+03 
 6.57500000e+01  4.76868291e-01  4.86328125e-01  4.86328125e-01 -9.45983358e+00  1.98371239e+03 
 6.60000000e+01  4.74931085e-01  4.84375000e-01  4.84375000e-01 -9.44391500e+00  1.98845215e+03 
 6.62500000e+01  4.72994147e-01  4.82421875e-01  4.82421875e-01 -9.42772793e+00  1.99317284e+03 
 6.65000000e+01  4.71057477e-01  4.80468750e-01  4.80468750e-01 -9.41127347e+00  1.99787445e+03 
 6.67500000e+01  4.69121072e-01  4.78515625e-01  4.78515625e-01 -9.39455276e+00  2.00255699e+03 
 6.70000000e+01  4.67184933e-01  4.76562500e-01  4.76562500e-01 -9.37756692e+00  2.00722046e+03 
 6.72500000e+01  4.65249058e-01  4.74609375e-01  4.74609375e-01 -9.36031706e+00  2.01186485e+03 
 6.75000000e+01  4.63313446e-01  4.72656250e-01  4.72656250e-01 -9.34280432e+00  2.01649017e+03 
 6.77500000e+01  4.61378095e-01  4.70703125e-01  4.70703125e-01 -9.32502982e+00  2.02109642e+03 
 6.80000000e+01  4.59443005e-01  4.68750000e-01  4.68750000e-01 -9.30699466e+00  2.02568359e+03 
 6.82500000e+01  4.57508175e-01  4.66796875e-01  4.66796875e-01 -9.28869999e+00  2.03025169e+03 
 6.85000000e+01  4.55573603e-01  4.64843750e-01  4.64843750e-01 -9.27014690e+00  2.03480072e+03 
 6.87500000e+01  4.53639288e-01  4.62890625e-01  4.62890625e-01 -9.25133653e+00  2.03933067e+03 
 6.90000000e+01  4.51705230e-01  4.60937500e-01  4.60937500e-01 -9.23226999e+00  2.04384155e+03 
 6.92500000e+01  4.49771427e-01  4.58984375e-01  4.58984375e-01 -9.21294841e+00  2.04833336e+03 
 6.95000000e+01  4.47837877e-01  4.57031250e-01  4.57031250e-01 -9.19337289e+00  2.05280609e+03 
 6.97500000e+01  4.45904580e-01  4.55078125e-01  4.55078125e-01 -9.17354456e+00  2.05725975e+03 
 7.00000000e+01  4.43971535e-01  4.53125000e-01  4.53125000e-01 -9.15346454e+00  2.06169434e+03 
 7.02500000e+01  4.42038741e-01  4.51171875e-01  4.51171875e-01 -9.13313393e+00  2.06610985e+03 
 7.05000000e+01  4.40106196e-01  4.49218750e-01  4.49218750e-01 -9.11255386e+00  2.07050629e+03 
 7.07500000e+01  4.38173900e-01  4.47265625e-01  4.47265625e-01 -9.09172544e+00  2.07488365e+03 
 7.10000000e+01  4.36241850e-01  4.45312500e-01  4.45312500e-01 -9.07064979e+00  2.07924194e+03 
 7.12500000e+01  4.34310047e-01  4.43359375e-01  4.43359375e-01 -9.04932802e+00  2.08358116e+03 
 7.15000000e+01  4.32378489e-01  4.41406250e-01  4.41406250e-01 -9.02776125e+00  2.08790131e+03 
 7.17500000e+01  4.30447174e-01  4.39453125e-01  4.39453125e-01 -9.00595059e+00  2.09220238e+03 
 7.20000000e+01  4.28516103e-01  4.37500000e-01  4.37500000e-01 -8.98389714e+00  2.09648438e+03 
 7.22500000e+01  4.26585273e-01  4.35546875e-01  4.35546875e-01 -8.96160204e+00  2.10074730e+03 
 7.25000000e+01  4.24654684e-01  4.33593750e-01  4.33593750e-01 -8.93906638e+00  2.10499115e+03 
 7.27500000e+01  4.22724334e-01  4.31640625e-01  4.31640625e-01 -8.91629128e+00  2.10921593e+03 
 7.30000000e+01  4.20794222e-01  4.29687500e-01  4.29687500e-01 -8.89327785e+00  2.11342163e+03 
 7.32500000e+01  4.18864348e-01  4.27734375e-01  4.27734375e-01 -8.87002721e+00  2.11760826e+03 
 7.35000000e+01  4.16934710e-01  4.25781250e-01  4.25781250e-01 -8.84654046e+00  2.12177582e+03 
 7.37500000e+01  4.15005306e-01  4.23828125e-01  4.23828125e-01 -8.82281871e+00  2.12592430e+03 
 7.40000000e+01  4.13076137e-01  4.21875000e-01  4.21875000e-01 -8.79886307e+00  2.13005371e+03 
 7.42500000e+01  4.11147200e-01  4.19921875e-01  4.19921875e-01 -8.77467465e+00  2.13416405e+03 
 7.45000000e+01  4.09218495e-01  4.17968750e-01  4.17968750e-01 -8.75025456e+00  2.13825531e+03 
 7.47500000e+01  4.07290021e-01  4.16015625e-01  4.16015625e-01 -8.72560392e+00  2.14232750e+03 
 7.50000000e+01  4.05361776e-01  4.14062500e-01  4.14062500e-01 -8.70072381e+00  2.14638062e+03 
 7.52500000e+01  4.03433760e-01  4.12109375e-01  4.12109375e-01 -8.67561537e+00  2.15041466e+03 
 7.55000000e+01  4.01505970e-01  4.10156250e-01  4.10156250e-01 -8.65027968e+00  2.15442963e+03 
 7.57500000e+01  3.99578407e-01  4.08203125e-01  4.08203125e-01 -8.62471786e+00  2.15842552e+03 
 7.60000000e+01  3.97651069e-01  4.06250000e-01  4.06250000e-01 -8.59893101e+00  2.16240234e+03 
 7.62500000e+01  3.95723955e-01  4.04296875e-01  4.04296875e-01 -8.57292024e+00  2.16636009e+03 
 7.65000000e+01  3.93797063e-01  4.02343750e-01  4.02343750e-01 -8.54668666e+00  2.17029877e+03 
 7.67500000e+01  3.91870394e-01  4.00390625e-01  4.00390625e-01 -8.52023137e+00  2.17421837e+03 
 7.70000000e+01  3.89943945e-01  3.98437500e-01  3.98437500e-01 -8.49355547e+00  2.17811890e+03 
 7.72500000e+01  3.88017715e-01  3.96484375e-01  3.96484375e-01 -8.46666006e+00  2.18200035e+03 
 7.75000000e+01  3.86091704e-01  3.94531250e-01  3.94531250e-01 -8.43954626e+00  2.18586273e+03 
 7.77500000e+01  3.84165910e-01  3.92578125e-01  3.92578125e-01 -8.41221517e+00  2.18970604e+03 
 7.80000000e+01  3.82240332e-01  3.90625000e-01  3.90625000e-01 -8.38466788e+00  2.19353027e+03 
 7.82500000e+01  3.80314969e-01  3.88671875e-01  3.88671875e-01 -8.35690550e+00  2.19733543e+03 
 7.85000000e+01  3.78389821e-01  3.86718750e-01  3.86718750e-01 -8.32892913e+00  2.20112152e+03 
 7.87500000e+01  3.76464885e-01  3.84765625e-01  3.84765625e-01 -8.30073988e+00  2.20488853e+03 
 7.90000000e+01  3.74540161e-01  3.82812500e-01  3.82812500e-01 -8.27233884e+00  2.20863647e+03 
 7.92500000e+01  3.72615648e-01  3.80859375e-01  3.80859375e-01 -8.24372712e+00  2.21236534e+03 
 7.95000000e+01  3.70691344e-01  3.78906250e-01  3.78906250e-01 -8.21490581e+00  2.21607513e+03 
 7.97500000e+01  3.68767249e-01  3.76953125e-01  3.76953125e-01 -8.18587602e+00  2.21976585e+03 
 8.00000000e+01  3.66843361e-01  3.75000000e-01  3.75000000e-01 -8.15663885e+00  2.22343750e+03 
 8.02500000e+01  3.64919680e-01  3.73046875e-01  3.73046875e-01 -8.12719539e+00  2.22709007e+03 
 8.05000000e+01  3.62996203e-01  3.71093750e-01  3.71093750e-01 -8.09754674e+00  2.23072357e+03 
 8.07500000e+01  3.61072931e-01  3.69140625e-01  3.69140625e-01 -8.06769401e+00  2.23433800e+03 
 8.10000000e+01  3.59149862e-01  3.67187500e-01  3.67187500e-01 -8.03763828e+00  2.23793335e+03 
 8.12500000e+01  3.57226994e-01  3.65234375e-01  3.65234375e-01 -8.00738066e+00  2.24150963e+03 
 8.15000000e+01  3.55304328e-01  3.63281250e-01  3.63281250e-01 -7.97692225e+00  2.24506683e+03 
 8.17500000e+01  3.53381861e-01  3.61328125e-01  3.61328125e-01 -7.94626414e+00  2.24860497e+03 
 8.20000000e+01  3.51459593e-01  3.59375000e-01  3.59375000e-01 -7.91540743e+00  2.25212402e+03 
 8.22500000e+01  3.49537522e-01  3.57421875e-01  3.57421875e-01 -7.88435321e+00  2.25562401e+03 
 8.25000000e+01  3.47615647e-01  3.55468750e-01  3.55468750e-01 -7.85310259e+00  2.25910492e+03 
 8.27500000e+01  3.45693968e-01  3.53515625e-01  3.53515625e-01 -7.82165665e+00  2.26256676e+03 
 8.30000000e+01  3.43772484e-01  3.51562500e-01  3.51562500e-01 -7.79001649e+00  2.26600952e+03 
 8.32500000e+01  3.41851192e-01  3.49609375e-01  3.49609375e-01 -7.75818320e+00  2.26943321e+03 
 8.35000000e+01  3.39930092e-01  3.47656250e-01  3.47656250e-01 -7.72615789e+00  2.27283783e+03 
 8.37500000e+01  3.38009183e-01  3.45703125e-01  3.45703125e-01 -7.69394164e+00  2.27622337e+03 
 8.40000000e+01  3.36088464e-01  3.43750000e-01  3.43750000e-01 -7.66153555e+00  2.27958984e+03 
 8.42500000e+01  3.34167934e-01  3.41796875e-01  3.41796875e-01 -7.62894071e+00  2.28293724e+03 
 8.45000000e+01  3.32247592e-01  3.39843750e-01  3.39843750e-01 -7.59615821e+00  2.28626556e+03 
 8.47500000e+01  3.30327436e-01  3.37890625e-01  3.37890625e-01 -7.56318915e+00  2.28957481e+03 
 8.50000000e+01  3.28407465e-01  3.35937500e-01  3.35937500e-01 -7.53003461e+00  2.29286499e+03 
 8.52500000e+01  3.26487679e-01  3.33984375e-01  3.33984375e-01 -7.49669570e+00  2.29613609e+03 
 8.55000000e+01  3.24568076e-01  3.32031250e-01  3.32031250e-01 -7.46317350e+00  2.29938812e+03 
 8.57500000e+01  3.22648656e-01  3.30078125e-01  3.30078125e-01 -7.42946910e+00  2.30262108e+03 
 8.60000000e+01  3.20729416e-01  3.28125000e-01  3.28125000e-01 -7.39558360e+00  2.30583496e+03 
 8.62500000e+01  3.18810357e-01  3.26171875e-01  3.26171875e-01 -7.36151808e+00  2.30902977e+03 
 8.65000000e+01  3.16891476e-01  3.24218750e-01  3.24218750e-01 -7.32727364e+00  2.31220551e+03 
 8.67500000e+01  3.14972774e-01  3.22265625e-01  3.22265625e-01 -7.29285136e+00  2.31536217e+03 
 8.70000000e+01  3.13054248e-01  3.20312500e-01  3.20312500e-01 -7.25825233e+00  2.31849976e+03 
 8.72500000e+01  3.11135897e-01  3.18359375e-01  3.18359375e-01 -7.22347765e+00  2.32161827e+03 
 8.75000000e+01  3.09217722e-01  3.16406250e-01  3.16406250e-01 -7.18852839e+00  2.32471771e+03 
 8.77500000e+01  3.07299719e-01  3.14453125e-01  3.14453125e-01 -7.15340566e+00  2.32779808e+03 
 8.80000000e+01  3.05381889e-01  3.12500000e-01  3.12500000e-01 -7.11811054e+00  2.33085938e+03 
 8.82500000e+01  3.03464231e-01  3.10546875e-01  3.10546875e-01 -7.08264411e+00  2.33390160e+03 
 8.85000000e+01  3.01546743e-01  3.08593750e-01  3.08593750e-01 -7.04700747e+00  2.33692474e+03 
 8.87500000e+01  2.99629423e-01  3.06640625e-01  3.06640625e-01 -7.01120169e+00  2.33992882e+03 
 8.90000000e+01  2.97712272e-01  3.04687500e-01  3.04687500e-01 -6.97522788e+00  2.34291382e+03 
 8.92500000e+01  2.95795288e-01  3.02734375e-01  3.02734375e-01 -6.93908711e+00  2.34587975e+03 
 8.95000000e+01  2.93878470e-01  3.00781250e-01  3.00781250e-01 -6.90278047e+00  2.34882660e+03 
 8.97500000e+01  2.91961816e-01  2.98828125e-01  2.98828125e-01 -6.86630904e+00  2.35175438e+03 
 9.00000000e+01  2.90045326e-01  2.96875000e-01  2.96875000e-01 -6.82967392e+00  2.35466309e+03 
 9.02500000e+01  2.88128999e-01  2.94921875e-01  2.94921875e-01 -6.79287619e+00  2.35755272e+03 
 9.05000000e+01  2.86212833e-01  2.92968750e-01  2.92968750e-01 -6.75591693e+00  2.36042328e+03 
 9.07500000e+01  2.84296828e-01  2.91015625e-01  2.91015625e-01 -6.71879722e+00  2.36327477e+03 
 9.10000000e+01  2.82380982e-01  2.89062500e-01  2.89062500e-01 -6.68151816e+00  2.36610718e+03 
 9.12500000e+01  2.80465294e-01  2.87109375e-01  2.87109375e-01 -6.64408082e+00  2.36892052e+03 
 9.15000000e+01  2.78549764e-01  2.85156250e-01  2.85156250e-01 -6.60648629e+00  2.37171478e+03 
 9.17500000e+01  2.76634389e-01  2.83203125e-01  2.83203125e-01 -6.56873566e+00  2.37448997e+03 
 9.20000000e+01  2.74719170e-01  2.81250000e-01  2.81250000e-01 -6.53083000e+00  2.37724609e+03 
 9.22500000e+01  2.72804105e-01  2.79296875e-01  2.79296875e-01 -6.49277040e+00  2.37998314e+03 
 9.25000000e+01  2.70889192e-01  2.77343750e-01  2.77343750e-01 -6.45455794e+00  2.38270111e+03 
 9.27500000e+01  2.68974431e-01  2.75390625e-01  2.75390625e-01 -6.41619371e+00  2.38540001e+03 
 9.30000000e+01  2.67059821e-01  2.73437500e-01  2.73437500e-01 -6.37767879e+00  2.38807983e+03 
 9.32500000e+01  2.65145361e-01  2.71484375e-01  2.71484375e-01 -6.33901425e+00  2.39074059e+03 
 9.35000000e+01  2.63231049e-01  2.69531250e-01  2.69531250e-01 -6.30020118e+00  2.39338226e+03 
 9.37500000e+01  2.61316884e-01  2.67578125e-01  2.67578125e-01 -6.26124066e+00  2.39600487e+03 
 9.40000000e+01  2.59402866e-01  2.65625000e-01  2.65625000e-01 -6.22213377e+00  2.39860840e+03 
 9.42500000e+01  2.57488993e-01  2.63671875e-01  2.63671875e-01 -6.18288160e+00  2.40119286e+03 
 9.45000000e+01  2.55575265e-01  2.61718750e-01  2.61718750e-01 -6.14348522e+00  2.40375824e+03 
 9.47500000e+01  2.53661679e-01  2.59765625e-01  2.59765625e-01 -6.10394571e+00  2.40630455e+03 
 9.50000000e+01  2.51748236e-01  2.57812500e-01  2.57812500e-01 -6.06426416e+00  2.40883179e+03 
 9.52500000e+01  2.49834933e-01  2.55859375e-01  2.55859375e-01 -6.02444163e+00  2.41133995e+03 
 9.55000000e+01  2.47921771e-01  2.53906250e-01  2.53906250e-01 -5.98447922e+00  2.41382904e+03 
 9.57500000e+01  2.46008747e-01  2.51953125e-01  2.51953125e-01 -5.94437801e+00  2.41629906e+03 
 9.60000000e+01  2.44095861e-01  2.50000000e-01  2.50000000e-01 -5.90413906e+00  2.41875000e+03 
 9.62500000e+01  2.42183112e-01  2.48046875e-01  2.48046875e-01 -5.86376346e+00  2.42118187e+03 
 9.65000000e+01  2.40270498e-01  2.46093750e-01  2.46093750e-01 -5.82325228e+00  2.42359467e+03 
 9.67500000e+01  2.38358018e-01  2.44140625e-01  2.44140625e-01 -5.78260661e+00  2.42598839e+03 
 9.70000000e+01  2.36445672e-01  2.42187500e-01  2.42187500e-01 -5.74182753e+00  2.42836304e+03 
 9.72500000e+01  2.34533459e-01  2.40234375e-01  2.40234375e-01 -5.70091610e+00  2.43071861e+03 
 9.75000000e+01  2.32621377e-01  2.38281250e-01  2.38281250e-01 -5.65987341e+00  2.43305511e+03 
 9.77500000e+01  2.30709424e-01  2.36328125e-01  2.36328125e-01 -5.61870054e+00  2.43537254e+03 
 9.80000000e+01  2.28797601e-01  2.34375000e-01  2.34375000e-01 -5.57739855e+00  2.43767090e+03 
 9.82500000e+01  2.26885906e-01  2.32421875e-01  2.32421875e-01 -5.53596854e+00  2.43995018e+03 
 9.85000000e+01  2.24974338e-01  2.30468750e-01  2.30468750e-01 -5.49441157e+00  2.44221039e+03 
 9.87500000e+01  2.23062896e-01  2.28515625e-01  2.28515625e-01 -5.45272872e+00  2.44445152e+03 
 9.90000000e+01  2.21151579e-01  2.26562500e-01  2.26562500e-01 -5.41092107e+00  2.44667358e+03 
 9.92500000e+01  2.19240385e-01  2.24609375e-01  2.24609375e-01 -5.36898969e+00  2.44887657e+03 
 9.95000000e+01  2.17329314e-01  2.22656250e-01  2.22656250e-01 -5.32693565e+00  2.45106049e+03 
 9.97500000e+01  2.15418365e-01  2.20703125e-01  2.20703125e-01 -5.28476004e+00  2.45322533e+03 
 1.00000000e+02  2.13507536e-01  2.18750000e-01  2.18750000e-01 -5.24246393e+00  2.45537109e+03 
 1.00250000e+02  2.11596827e-01  2.16796875e-01  2.16796875e-01 -5.20004838e+00  2.45749779e+03 
 1.00500000e+02  2.09686236e-01  2.14843750e-01  2.14843750e-01 -5.15751449e+00  2.45960541e+03 
 1.00750000e+02  2.07775762e-01  2.12890625e-01  2.12890625e-01 -5.11486332e+00  2.46169395e+03 
 1.01000000e+02  2.05865404e-01  2.10937500e-01  2.10937500e-01 -5.07209594e+00  2.46376343e+03 
 1.01250000e+02  2.03955162e-01  2.08984375e-01  2.08984375e-01 -5.02921343e+00  2.46581383e+03 
 1.01500000e+02  2.02045033e-01  2.07031250e-01  2.07031250e-01 -4.98621686e+00  2.46784515e+03 
 1.01750000e+02  2.00135018e-01  2.05078125e-01  2.05078125e-01 -4.94310731e+00  2.46985741e+03 
 1.02000000e+02  1.98225114e-01  2.03125000e-01  2.03125000e-01 -4.89988585e+00  2.47185059e+03 
 1.02250000e+02  1.96315321e-01  2.01171875e-01  2.01171875e-01 -4.85655355e+00  2.47382469e+03 
 1.02500000e+02  1.94405639e-01  1.99218750e-01  1.99218750e-01 -4.81311148e+00  2.47577972e+03 
 1.02750000e+02  1.92496064e-01  1.97265625e-01  1.97265625e-01 -4.76956073e+00  2.47771568e+03 
 1.03000000e+02  1.90586598e-01  1.95312500e-01  1.95312500e-01 -4.72590235e+00  2.47963257e+03 
 1.03250000e+02  1.88677238e-01  1.93359375e-01  1.93359375e-01 -4.68213743e+00  2.48153038e+03 
 1.03500000e+02  1.86767983e-01  1.91406250e-01  1.91406250e-01 -4.63826703e+00  2.48340912e+03 
 1.03750000e+02  1.84858833e-01  1.89453125e-01  1.89453125e-01 -4.59429222e+00  2.48526878e+03 
 1.04000000e+02  1.82949786e-01  1.87500000e-01  1.87500000e-01 -4.55021409e+00  2.48710938e+03 
 1.04250000e+02  1.81040841e-01  1.85546875e-01  1.85546875e-01 -4.50603369e+00  2.48893089e+03 
 1.04500000e+02  1.79131998e-01  1.83593750e-01  1.83593750e-01 -4.46175210e+00  2.49073334e+03 
 1.04750000e+02  1.77223255e-01  1.81640625e-01  1.81640625e-01 -4.41737039e+00  2.49251671e+03 
 1.05000000e+02  1.75314610e-01  1.79687500e-01  1.79687500e-01 -4.37288964e+00  2.49428101e+03 
 1.05250000e+02  1.73406064e-01  1.77734375e-01  1.77734375e-01 -4.32831091e+00  2.49602623e+03 
 1.05500000e+02  1.71497615e-01  1.75781250e-01  1.75781250e-01 -4.28363527e+00  2.49775238e+03 
 1.05750000e+02  1.69589261e-01  1.73828125e-01  1.73828125e-01 -4.23886380e+00  2.49945946e+03 
 1.06000000e+02  1.67681002e-01  1.71875000e-01  1.71875000e-01 -4.19399755e+00  2.50114746e+03 
 1.06250000e+02  1.65772837e-01  1.69921875e-01  1.69921875e-01 -4.14903762e+00  2.50281639e+03 
 1.06500000e+02  1.63864765e-01  1.67968750e-01  1.67968750e-01 -4.10398505e+00  2.50446625e+03 
 1.06750000e+02  1.61956784e-01  1.66015625e-01  1.66015625e-01 -4.05884093e+00  2.50609703e+03 
 1.07000000e+02  1.60048894e-01  1.64062500e-01  1.64062500e-01 -4.01360632e+00  2.50770874e+03 
 1.07250000e+02  1.58141093e-01  1.62109375e-01  1.62109375e-01 -3.96828229e+00  2.50930138e+03 
 1.07500000e+02  1.56233380e-01  1.60156250e-01  1.60156250e-01 -3.92286992e+00  2.51087494e+03 
 1.07750000e+02  1.54325755e-01  1.58203125e-01  1.58203125e-01 -3.87737026e+00  2.51242943e+03 
 1.08000000e+02  1.52418216e-01  1.56250000e-01  1.56250000e-01 -3.83178439e+00  2.51396484e+03 
 1.08250000e+02  1.50510762e-01  1.54296875e-01  1.54296875e-01 -3.78611338e+00  2.51548119e+03 
 1.08500000e+02  1.48603392e-01  1.52343750e-01  1.52343750e-01 -3.74035829e+00  2.51697845e+03 
 1.08750000e+02  1.46696105e-01  1.50390625e-01  1.50390625e-01 -3.69452020e+00  2.51845665e+03 
 1.09000000e+02  1.44788900e-01  1.48437500e-01  1.48437500e-01 -3.64860017e+00  2.51991577e+03 
 1.09250000e+02  1.42881776e-01  1.46484375e-01  1.46484375e-01 -3.60259926e+00  2.52135582e+03 
 1.09500000e+02  1.40974731e-01  1.44531250e-01  1.44531250e-01 -3.55651856e+00  2.52277679e+03 
 1.09750000e+02  1.39067766e-01  1.42578125e-01  1.42578125e-01 -3.51035912e+00  2.52417870e+03 
 1.10000000e+02  1.37160878e-01  1.40625000e-01  1.40625000e-01 -3.46412201e+00  2.52556152e+03 
 1.10250000e+02  1.35254067e-01  1.38671875e-01  1.38671875e-01 -3.41780831e+00  2.52692528e+03 
 1.10500000e+02  1.33347331e-01  1.36718750e-01  1.36718750e-01 -3.37141907e+00  2.52826996e+03 
 1.10750000e+02  1.31440670e-01  1.34765625e-01  1.34765625e-01 -3.32495536e+00  2.52959557e+03 
 1.11000000e+02  1.29534082e-01  1.32812500e-01  1.32812500e-01 -3.27841826e+00  2.53090210e+03 
 1.11250000e+02  1.27627566e-01  1.30859375e-01  1.30859375e-01 -3.23180883e+00  2.53218956e+03 
 1.11500000e+02  1.25721122e-01  1.28906250e-01  1.28906250e-01 -3.18512812e+00  2.53345795e+03 
 1.11750000e+02  1.23814748e-01  1.26953125e-01  1.26953125e-01 -3.13837723e+00  2.53470726e+03 
 1.12000000e+02  1.21908443e-01  1.25000000e-01  1.25000000e-01 -3.09155719e+00  2.53593750e+03 
 1.12250000e+02  1.20002206e-01  1.23046875e-01  1.23046875e-01 -3.04466910e+00  2.53714867e+03 
 1.12500000e+02  1.18096036e-01  1.21093750e-01  1.21093750e-01 -2.99771400e+00  2.53834076e+03 
 1.12750000e+02  1.16189932e-01  1.19140625e-01  1.19140625e-01 -2.95069297e+00  2.53951378e+03 
 1.13000000e+02  1.14283893e-01  1.17187500e-01  1.17187500e-01 -2.90360707e+00  2.54066772e+03 
 1.13250000e+02  1.12377918e-01  1.15234375e-01  1.15234375e-01 -2.85645737e+00  2.54180260e+03 
 1.13500000e+02  1.10472005e-01  1.13281250e-01  1.13281250e-01 -2.80924494e+00  2.54291840e+03 
 1.13750000e+02  1.08566154e-01  1.11328125e-01  1.11328125e-01 -2.76197083e+00  2.54401512e+03 
 1.14000000e+02  1.06660364e-01  1.09375000e-01  1.09375000e-01 -2.71463612e+00  2.54509277e+03 
 1.14250000e+02  1.04754633e-01  1.07421875e-01  1.07421875e-01 -2.66724187e+00  2.54615135e+03 
 1.14500000e+02  1.02848961e-01  1.05468750e-01  1.05468750e-01 -2.61978914e+00  2.54719086e+03 
 1.14750000e+02  1.00943346e-01  1.03515625e-01  1.03515625e-01 -2.57227900e+00  2.54821129e+03 
 1.15000000e+02  9.90377875e-02  1.01562500e-01  1.01562500e-01 -2.52471252e+00  2.54921265e+03 
 1.15250000e+02  9.71322842e-02  9.96093750e-02  9.96093750e-02 -2.47709076e+00  2.55019493e+03 
 1.15500000e+02  9.52268352e-02  9.76562500e-02  9.76562500e-02 -2.42941479e+00  2.55115814e+03 
 1.15750000e+02  9.33214393e-02  9.57031250e-02  9.57031250e-02 -2.38168566e+00  2.55210228e+03 
 1.16000000e+02  9.14160955e-02  9.37500000e-02  9.37500000e-02 -2.33390445e+00  2.55302734e+03 
 1.16250000e+02  8.95108028e-02  9.17968750e-02  9.17968750e-02 -2.28607222e+00  2.55393333e+03 
 1.16500000e+02  8.76055600e-02  8.98437500e-02  8.98437500e-02 -2.23819003e+00  2.55482025e+03 
 1.16750000e+02  8.57003660e-02  8.78906250e-02  8.78906250e-02 -2.19025895e+00  2.55568810e+03 
 1.17000000e+02  8.37952200e-02  8.59375000e-02  8.59375000e-02 -2.14228004e+00  2.55653687e+03 
 1.17250000e+02  8.18901206e-02  8.39843750e-02  8.39843750e-02 -2.09425437e+00  2.55736656e+03 
 1.17500000e+02  7.99850670e-02  8.20312500e-02  8.20312500e-02 -2.04618300e+00  2.55817719e+03 
 1.17750000e+02  7.80800580e-02  8.00781250e-02  8.00781250e-02 -1.99806699e+00  2.55896873e+03 
 1.18000000e+02  7.61750926e-02  7.81250000e-02  7.81250000e-02 -1.94990741e+00  2.55974121e+03 
 1.18250000e+02  7.42701697e-02  7.61718750e-02  7.61718750e-02 -1.90170532e+00  2.56049461e+03 
 1.18500000e+02  7.23652882e-02  7.42187500e-02  7.42187500e-02 -1.85346178e+00  2.56122894e+03 
 1.18750000e+02  7.04604471e-02  7.22656250e-02  7.22656250e-02 -1.80517787e+00  2.56194420e+03 
 1.19000000e+02  6.85556454e-02  7.03125000e-02  7.03125000e-02 -1.75685464e+00  2.56264038e+03 
 1.19250000e+02  6.66508818e-02  6.83593750e-02  6.83593750e-02 -1.70849315e+00  2.56331749e+03 
 1.19500000e+02  6.47461555e-02  6.64062500e-02  6.64062500e-02 -1.66009448e+00  2.56397552e+03 
 1.19750000e+02  6.28414653e-02  6.44531250e-02  6.44531250e-02 -1.61165967e+00  2.56461449e+03 
 1.20000000e+02  6.09368102e-02  6.25000000e-02  6.25000000e-02 -1.56318981e+00  2.56523438e+03 
 1.20250000e+02  5.90321891e-02  6.05468750e-02  6.05468750e-02 -1.51468594e+00  2.56583519e+03 
 1.20500000e+02  5.71276009e-02  5.85937500e-02  5.85937500e-02 -1.46614913e+00  2.56641693e+03 
 1.20750000e+02  5.52230445e-02  5.66406250e-02  5.66406250e-02 -1.41758046e+00  2.56697960e+03 
 1.21000000e+02  5.33185190e-02  5.46875000e-02  5.46875000e-02 -1.36898097e+00  2.56752319e+03 
 1.21250000e+02  5.14140233e-02  5.27343750e-02  5.27343750e-02 -1.32035173e+00  2.56804771e+03 
 1.21500000e+02  4.95095562e-02  5.07812500e-02  5.07812500e-02 -1.27169380e+00  2.56855316e+03 
 1.21750000e+02  4.76051167e-02  4.88281250e-02  4.88281250e-02 -1.22300826e+00  2.56903954e+03 
 1.22000000e+02  4.57007038e-02  4.68750000e-02  4.68750000e-02 -1.17429615e+00  2.56950684e+03 
 1.22250000e+02  4.37963165e-02  4.49218750e-02  4.49218750e-02 -1.12555855e+00  2.56995506e+03 
 1.22500000e+02  4.18919535e-02  4.29687500e-02  4.29687500e-02 -1.07679651e+00  2.57038422e+03 
 1.22750000e+02  3.99876139e-02  4.10156250e-02  4.10156250e-02 -1.02801110e+00  2.57079430e+03 
 1.23000000e+02  3.80832966e-02  3.90625000e-02  3.90625000e-02 -9.79203387e-01  2.57118530e+03 
 1.23250000e+02  3.61790006e-02  3.71093750e-02  3.71093750e-02 -9.30374423e-01  2.57155724e+03 
 1.23500000e+02  3.42747247e-02  3.51562500e-02  3.51562500e-02 -8.81525277e-01  2.57191010e+03 
 1.23750000e+02  3.23704680e-02  3.32031250e-02  3.32031250e-02 -8.32657008e-01  2.57224388e+03 
 1.24000000e+02  3.04662293e-02  3.12500000e-02  3.12500000e-02 -7.83770682e-01  2.57255859e+03 
 1.24250000e+02  2.85620076e-02  2.92968750e-02  2.92968750e-02 -7.34867359e-01  2.57285423e+03 
 1.24500000e+02  2.66578019e-02  2.73437500e-02  2.73437500e-02 -6.85948102e-01  2.57313080e+03 
 1.24750000e+02  2.47536110e-02  2.53906250e-02  2.53906250e-02 -6.37013974e-01  2.57338829e+03 
 1.25000000e+02  2.28494340e-02  2.34375000e-02  2.34375000e-02 -5.88066037e-01  2.57362671e+03 
 1.25250000e+02  2.09452696e-02  2.14843750e-02  2.14843750e-02 -5.39105353e-01  2.57384605e+03 
 1.25500000e+02  1.90411170e-02  1.95312500e-02  1.95312500e-02 -4.90132984e-01  2.57404633e+03 
 1.25750000e+02  1.71369750e-02  1.75781250e-02  1.75781250e-02 -4.41149994e-01  2.57422752e+03 
 1.26000000e+02  1.52328426e-02  1.56250000e-02  1.56250000e-02 -3.92157444e-01  2.57438965e+03 
 1.26250000e+02  1.33287186e-02  1.36718750e-02  1.36718750e-02 -3.43156396e-01  2.57453270e+03 
 1.26500000e+02  1.14246021e-02  1.17187500e-02  1.17187500e-02 -2.94147913e-01  2.57465668e+03 
 1.26750000e+02  9.52049194e-03  9.76562500e-03  9.76562500e-03 -2.45133056e-01  2.57476158e+03 
 1.27000000e+02  7.61638711e-03  7.81250000e-03  7.81250000e-03 -1.96112889e-01  2.57484741e+03 
 1.27250000e+02  5.71228653e-03  5.85937500e-03  5.85937500e-03 -1.47088473e-01  2.57491417e+03 
 1.27500000e+02  3.80818913e-03  3.90625000e-03  3.90625000e-03 -9.80608701e-02  2.57496185e+03 
 1.27750000e+02  1.90409386e-03  1.95312500e-03  1.95312500e-03 -4.90311432e-02  2.57499046e+03 
 1.28000000e+02 -3.54061891e-10  6.66133815e-16  0.00000000e+00 -3.54061891e-07  2.57500000e+03 
 1.28250000e+02 -1.90409456e-03 -1.95312500e-03 -1.95312500e-03  4.90304351e-02  2.57499046e+03 
 1.28500000e+02 -3.80818984e-03 -3.90625000e-03 -3.90625000e-03  9.80601620e-02  2.57496185e+03 
 1.28750000e+02 -5.71228724e-03 -5.85937500e-03 -5.85937500e-03  1.47087765e-01  2.57491417e+03 
 1.29000000e+02 -7.61638782e-03 -7.81250000e-03 -7.81250000e-03  1.96112181e-01  2.57484741e+03 
 1.29250000e+02 -9.52049265e-03 -9.76562500e-03 -9.76562500e-03  2.45132348e-01  2.57476158e+03 
 1.29500000e+02 -1.14246028e-02 -1.17187500e-02 -1.17187500e-02  2.94147204e-01  2.57465668e+03 
 1.29750000e+02 -1.33287193e-02 -1.36718750e-02 -1.36718750e-02  3.43155687e-01  2.57453270e+03 
 1.30000000e+02 -1.52328433e-02 -1.56250000e-02 -1.56250000e-02  3.92156735e-01  2.57438965e+03 
 1.30250000e+02 -1.71369757e-02 -1.75781250e-02 -1.75781250e-02  4.41149285e-01  2.57422752e+03 
 1.30500000e+02 -1.90411177e-02 -1.95312500e-02 -1.95312500e-02  4.90132275e-01  2.57404633e+03 
 1.30750000e+02 -2.09452704e-02 -2.14843750e-02 -2.14843750e-02  5.39104644e-01  2.57384605e+03 
 1.31000000e+02 -2.28494347e-02 -2.34375000e-02 -2.34375000e-02  5.88065327e-01  2.57362671e+03 
 1.31250000e+02 -2.47536117e-02 -2.53906250e-02 -2.53906250e-02  6.37013264e-01  2.57338829e+03 
 1.31500000e+02 -2.66578026e-02 -2.73437500e-02 -2.73437500e-02  6.85947392e-01  2.57313080e+03 
 1.31750000e+02 -2.85620084e-02 -2.92968750e-02 -2.92968750e-02  7.34866649e-01  2.57285423e+03 
 1.32000000e+02 -3.04662300e-02 -3.12500000e-02 -3.12500000e-02  7.83769971e-01  2.57255859e+03 
 1.32250000e+02 -3.23704687e-02 -3.32031250e-02 -3.32031250e-02  8.32656298e-01  2.57224388e+03 
 1.32500000e+02 -3.42747254e-02 -3.51562500e-02 -3.51562500e-02  8.81524566e-01  2.57191010e+03 
 1.32750000e+02 -3.61790013e-02 -3.71093750e-02 -3.71093750e-02  9.30373712e-01  2.57155724e+03 
 1.33000000e+02 -3.80832973e-02 -3.90625000e-02 -3.90625000e-02  9.79202675e-01  2.57118530e+03 
 1.33250000e+02 -3.99876146e-02 -4.10156250e-02 -4.10156250e-02  1.02801039e+00  2.57079430e+03 
 1.33500000e+02 -4.18919542e-02 -4.29687500e-02 -4.29687500e-02  1.07679580e+00  2.57038422e+03 
 1.33750000e+02 -4.37963172e-02 -4.49218750e-02 -4.49218750e-02  1.12555784e+00  2.56995506e+03 
 1.34000000e+02 -4.57007046e-02 -4.68750000e-02 -4.68750000e-02  1.17429544e+00  2.56950684e+03 
 1.34250000e+02 -4.76051175e-02 -4.88281250e-02 -4.88281250e-02  1.22300754e+00  2.56903954e+03 
 1.34500000e+02 -4.95095569e-02 -5.07812500e-02 -5.07812500e-02  1.27169309e+00  2.56855316e+03 
 1.34750000e+02 -5.14140240e-02 -5.27343750e-02 -5.27343750e-02  1.32035101e+00  2.56804771e+03 
 1.35000000e+02 -5.33185197e-02 -5.46875000e-02 -5.46875000e-02  1.36898025e+00  2.56752319e+03 
 1.35250000e+02 -5.52230453e-02 -5.66406250e-02 -5.66406250e-02  1.41757974e+00  2.56697960e+03 
 1.35500000e+02 -5.71276016e-02 -5.85937500e-02 -5.85937500e-02  1.46614842e+00  2.56641693e+03 
 1.35750000e+02 -5.90321898e-02 -6.05468750e-02 -6.05468750e-02  1.51468522e+00  2.56583519e+03 
 1.36000000e+02 -6.09368109e-02 -6.25000000e-02 -6.25000000e-02  1.56318909e+00  2.56523438e+03 
 1.36250000e+02 -6.28414660e-02 -6.44531250e-02 -6.44531250e-02  1.61165896e+00  2.56461449e+03 
 1.36500000e+02 -6.47461562e-02 -6.64062500e-02 -6.64062500e-02  1.66009376e+00  2.56397552e+03 
 1.36750000e+02 -6.66508826e-02 -6.83593750e-02 -6.83593750e-02  1.70849243e+00  2.56331749e+03 
 1.37000000e+02 -6.85556461e-02 -7.03125000e-02 -7.03125000e-02  1.75685392e+00  2.56264038e+03 
 1.37250000e+02 -7.04604479e-02 -7.22656250e-02 -7.22656250e-02  1.80517715e+00  2.56194420e+03 
 1.37500000e+02 -7.23652889e-02 -7.42187500e-02 -7.42187500e-02  1.85346106e+00  2.56122894e+03 
 1.37750000e+02 -7.42701704e-02 -7.61718750e-02 -7.61718750e-02  1.90170460e+00  2.56049461e+03 
 1.38000000e+02 -7.61750933e-02 -7.81250000e-02 -7.81250000e-02  1.94990668e+00  2.55974121e+03 
 1.38250000e+02 -7.80800587e-02 -8.00781250e-02 -8.00781250e-02  1.99806626e+00  2.55896873e+03 
 1.38500000e+02 -7.99850677e-02 -8.20312500e-02 -8.20312500e-02  2.04618227e+00  2.55817719e+03 
 1.38750000e+02 -8.18901214e-02 -8.39843750e-02 -8.39843750e-02  2.09425364e+00  2.55736656e+03 
 1.39000000e+02 -8.37952207e-02 -8.59375000e-02 -8.59375000e-02  2.14227932e+00  2.55653687e+03 
 1.39250000e+02 -8.57003668e-02 -8.78906250e-02 -8.78906250e-02  2.19025822e+00  2.55568810e+03 
 1.39500000e+02 -8.76055607e-02 -8.98437500e-02 -8.98437500e-02  2.23818930e+00  2.55482025e+03 
 1.39750000e+02 -8.95108035e-02 -9.17968750e-02 -9.17968750e-02  2.28607149e+00  2.55393333e+03 
 1.40000000e+02 -9.14160963e-02 -9.37500000e-02 -9.37500000e-02  2.33390372e+00  2.55302734e+03 
 1.40250000e+02 -9.33214401e-02 -9.57031250e-02 -9.57031250e-02  2.38168493e+00  2.55210228e+03 
 1.40500000e+02 -9.52268359e-02 -9.76562500e-02 -9.76562500e-02  2.42941406e+00  2.55115814e+03 
 1.40750000e+02 -9.71322850e-02 -9.96093750e-02 -9.96093750e-02  2.47709003e+00  2.55019493e+03 
 1.41000000e+02 -9.90377882e-02 -1.01562500e-01 -1.01562500e-01  2.52471179e+00  2.54921265e+03 
 1.41250000e+02 -1.00943347e-01 -1.03515625e-01 -1.03515625e-01  2.57227827e+00  2.54821129e+03 
 1.41500000e+02 -1.02848962e-01 -1.05468750e-01 -1.05468750e-01  2.61978841e+00  2.54719086e+03 
 1.41750000e+02 -1.04754634e-01 -1.07421875e-01 -1.07421875e-01  2.66724113e+00  2.54615135e+03 
 1.42000000e+02 -1.06660365e-01 -1.09375000e-01 -1.09375000e-01  2.71463538e+00  2.54509277e+03 
 1.42250000e+02 -1.08566155e-01 -1.11328125e-01 -1.11328125e-01  2.76197009e+00  2.54401512e+03 
 1.42500000e+02 -1.10472006e-01 -1.13281250e-01 -1.13281250e-01  2.80924420e+00  2.54291840e+03 
 1.42750000e+02 -1.12377918e-01 -1.15234375e-01 -1.15234375e-01  2.85645664e+00  2.54180260e+03 
 1.43000000e+02 -1.14283894e-01 -1.17187500e-01 -1.17187500e-01  2.90360633e+00  2.54066772e+03 
 1.43250000e+02 -1.16189933e-01 -1.19140625e-01 -1.19140625e-01  2.95069223e+00  2.53951378e+03 
 1.43500000e+02 -1.18096037e-01 -1.21093750e-01 -1.21093750e-01  2.99771326e+00  2.53834076e+03 
 1.43750000e+02 -1.20002207e-01 -1.23046875e-01 -1.23046875e-01  3.04466836e+00  2.53714867e+03 
 1.44000000e+02 -1.21908444e-01 -1.25000000e-01 -1.25000000e-01  3.09155645e+00  2.53593750e+03 
 1.44250000e+02 -1.23814749e-01 -1.26953125e-01 -1.26953125e-01  3.13837648e+00  2.53470726e+03 
 1.44500000e+02 -1.25721123e-01 -1.28906250e-01 -1.28906250e-01  3.18512738e+00  2.53345795e+03 
 1.44750000e+02 -1.27627567e-01 -1.30859375e-01 -1.30859375e-01  3.23180808e+00  2.53218956e+03 
 1.45000000e+02 -1.29534082e-01 -1.32812500e-01 -1.32812500e-01  3.27841751e+00  2.53090210e+03 
 1.45250000e+02 -1.31440670e-01 -1.34765625e-01 -1.34765625e-01  3.32495461e+00  2.52959557e+03 
 1.45500000e+02 -1.33347332e-01 -1.36718750e-01 -1.36718750e-01  3.37141832e+00  2.52826996e+03 
 1.45750000e+02 -1.35254067e-01 -1.38671875e-01 -1.38671875e-01  3.41780756e+00  2.52692528e+03 
 1.46000000e+02 -1.37160879e-01 -1.40625000e-01 -1.40625000e-01  3.46412126e+00  2.52556152e+03 
 1.46250000e+02 -1.39067767e-01 -1.42578125e-01 -1.42578125e-01  3.51035837e+00  2.52417870e+03 
 1.46500000e+02 -1.40974732e-01 -1.44531250e-01 -1.44531250e-01  3.55651780e+00  2.52277679e+03 
 1.46750000e+02 -1.42881776e-01 -1.46484375e-01 -1.46484375e-01  3.60259851e+00  2.52135582e+03 
 1.47000000e+02 -1.44788901e-01 -1.48437500e-01 -1.48437500e-01  3.64859941e+00  2.51991577e+03 
 1.47250000e+02 -1.46696106e-01 -1.50390625e-01 -1.50390625e-01  3.69451944e+00  2.51845665e+03 
 1.47500000e+02 -1.48603392e-01 -1.52343750e-01 -1.52343750e-01  3.74035753e+00  2.51697845e+03 
 1.47750000e+02 -1.50510762e-01 -1.54296875e-01 -1.54296875e-01  3.78611262e+00  2.51548119e+03 
 1.48000000e+02 -1.52418216e-01 -1.56250000e-01 -1.56250000e-01  3.83178363e+00  2.51396484e+03 
 1.48250000e+02 -1.54325756e-01 -1.58203125e-01 -1.58203125e-01  3.87736949e+00  2.51242943e+03 
 1.48500000e+02 -1.56233381e-01 -1.60156250e-01 -1.60156250e-01  3.92286915e+00  2.51087494e+03 
 1.48750000e+02 -1.58141093e-01 -1.62109375e-01 -1.62109375e-01  3.96828153e+00  2.50930138e+03 
 1.49000000e+02 -1.60048894e-01 -1.64062500e-01 -1.64062500e-01  4.01360555e+00  2.50770874e+03 
 1.49250000e+02 -1.61956785e-01 -1.66015625e-01 -1.66015625e-01  4.05884016e+00  2.50609703e+03 
 1.49500000e+02 -1.63864766e-01 -1.67968750e-01 -1.67968750e-01  4.10398428e+00  2.50446625e+03 
 1.49750000e+02 -1.65772838e-01 -1.69921875e-01 -1.69921875e-01  4.14903684e+00  2.50281639e+03 
 1.50000000e+02 -1.67681003e-01 -1.71875000e-01 -1.71875000e-01  4.19399678e+00  2.50114746e+03 
 1.50250000e+02 -1.69589262e-01 -1.73828125e-01 -1.73828125e-01  4.23886302e+00  2.49945946e+03 
 1.50500000e+02 -1.71497616e-01 -1.75781250e-01 -1.75781250e-01  4.28363449e+00  2.49775238e+03 
 1.50750000e+02 -1.73406065e-01 -1.77734375e-01 -1.77734375e-01  4.32831013e+00  2.49602623e+03 
 1.51000000e+02 -1.75314611e-01 -1.79687500e-01 -1.79687500e-01  4.37288886e+00  2.49428101e+03 
 1.51250000e+02 -1.77223255e-01 -1.81640625e-01 -1.81640625e-01  4.41736961e+00  2.49251671e+03 
 1.51500000e+02 -1.79131999e-01 -1.83593750e-01 -1.83593750e-01  4.46175131e+00  2.49073334e+03 
 1.51750000e+02 -1.81040842e-01 -1.85546875e-01 -1.85546875e-01  4.50603290e+00  2.48893089e+03 
 1.52000000e+02 -1.82949787e-01 -1.87500000e-01 -1.87500000e-01  4.55021330e+00  2.48710938e+03 
 1.52250000e+02 -1.84858834e-01 -1.89453125e-01 -1.89453125e-01  4.59429143e+00  2.48526878e+03 
 1.52500000e+02 -1.86767984e-01 -1.91406250e-01 -1.91406250e-01  4.63826623e+00  2.48340912e+03 
 1.52750000e+02 -1.88677238e-01 -1.93359375e-01 -1.93359375e-01  4.68213663e+00  2.48153038e+03 
 1.53000000e+02 -1.90586598e-01 -1.95312500e-01 -1.95312500e-01  4.72590155e+00  2.47963257e+03 
 1.53250000e+02 -1.92496065e-01 -1.97265625e-01 -1.97265625e-01  4.76955993e+00  2.47771568e+03 
 1.53500000e+02 -1.94405639e-01 -1.99218750e-01 -1.99218750e-01  4.81311068e+00  2.47577972e+03 
 1.53750000e+02 -1.96315322e-01 -2.01171875e-01 -2.01171875e-01  4.85655275e+00  2.47382469e+03 
 1.54000000e+02 -1.98225115e-01 -2.03125000e-01 -2.03125000e-01  4.89988504e+00  2.47185059e+03 
 1.54250000e+02 -2.00135018e-01 -2.05078125e-01 -2.05078125e-01  4.94310650e+00  2.46985741e+03 
 1.54500000e+02 -2.02045034e-01 -2.07031250e-01 -2.07031250e-01  4.98621605e+00  2.46784515e+03 
 1.54750000e+02 -2.03955162e-01 -2.08984375e-01 -2.08984375e-01  5.02921262e+00  2.46581383e+03 
 1.55000000e+02 -2.05865405e-01 -2.10937500e-01 -2.10937500e-01  5.07209512e+00  2.46376343e+03 
 1.55250000e+02 -2.07775762e-01 -2.12890625e-01 -2.12890625e-01  5.11486250e+00  2.46169395e+03 
 1.55500000e+02 -2.09686236e-01 -2.14843750e-01 -2.14843750e-01  5.15751367e+00  2.45960541e+03 
 1.55750000e+02 -2.11596827e-01 -2.16796875e-01 -2.16796875e-01  5.20004757e+00  2.45749779e+03 
 1.56000000e+02 -2.13507537e-01 -2.18750000e-01 -2.18750000e-01  5.24246310e+00  2.45537109e+03 
 1.56250000e+02 -2.15418366e-01 -2.20703125e-01 -2.20703125e-01  5.28475922e+00  2.45322533e+03 
 1.56500000e+02 -2.17329315e-01 -2.22656250e-01 -2.22656250e-01  5.32693483e+00  2.45106049e+03 
 1.56750000e+02 -2.19240386e-01 -2.24609375e-01 -2.24609375e-01  5.36898886e+00  2.44887657e+03 
 1.57000000e+02 -2.21151580e-01 -2.26562500e-01 -2.26562500e-01  5.41092024e+00  2.44667358e+03 
 1.57250000e+02 -2.23062897e-01 -2.28515625e-01 -2.28515625e-01  5.45272789e+00  2.44445152e+03 
 1.57500000e+02 -2.24974339e-01 -2.30468750e-01 -2.30468750e-01  5.49441074e+00  2.44221039e+03 
 1.57750000e+02 -2.26885907e-01 -2.32421875e-01 -2.32421875e-01  5.53596770e+00  2.43995018e+03 
 1.58000000e+02 -2.28797602e-01 -2.34375000e-01 -2.34375000e-01  5.57739772e+00  2.43767090e+03 
 1.58250000e+02 -2.30709425e-01 -2.36328125e-01 -2.36328125e-01  5.61869970e+00  2.43537254e+03 
 1.58500000e+02 -2.32621377e-01 -2.38281250e-01 -2.38281250e-01  5.65987257e+00  2.43305511e+03 
 1.58750000e+02 -2.34533460e-01 -2.40234375e-01 -2.40234375e-01  5.70091525e+00  2.43071861e+03 
 1.59000000e+02 -2.36445673e-01 -2.42187500e-01 -2.42187500e-01  5.74182668e+00  2.42836304e+03 
 1.59250000e+02 -2.38358019e-01 -2.44140625e-01 -2.44140625e-01  5.78260576e+00  2.42598839e+03 
 1.59500000e+02 -2.40270499e-01 -2.46093750e-01 -2.46093750e-01  5.82325143e+00  2.42359467e+03 
 1.59750000e+02 -2.42183112e-01 -2.48046875e-01 -2.48046875e-01  5.86376260e+00  2.42118187e+03 
 1.60000000e+02 -2.44095862e-01 -2.50000000e-01 -2.50000000e-01  5.90413820e+00  2.41875000e+03 
 1.60250000e+02 -2.46008748e-01 -2.51953125e-01 -2.51953125e-01  5.94437714e+00  2.41629906e+03 
 1.60500000e+02 -2.47921772e-01 -2.53906250e-01 -2.53906250e-01  5.98447836e+00  2.41382904e+03 
 1.60750000e+02 -2.49834934e-01 -2.55859375e-01 -2.55859375e-01  6.02444077e+00  2.41133995e+03 
 1.61000000e+02 -2.51748237e-01 -2.57812500e-01 -2.57812500e-01  6.06426329e+00  2.40883179e+03 
 1.61250000e+02 -2.53661680e-01 -2.59765625e-01 -2.59765625e-01  6.10394484e+00  2.40630455e+03 
 1.61500000e+02 -2.55575266e-01 -2.61718750e-01 -2.61718750e-01  6.14348435e+00  2.40375824e+03 
 1.61750000e+02 -2.57488994e-01 -2.63671875e-01 -2.63671875e-01  6.18288072e+00  2.40119286e+03 
 1.62000000e+02 -2.59402867e-01 -2.65625000e-01 -2.65625000e-01  6.22213289e+00  2.39860840e+03 
 1.62250000e+02 -2.61316885e-01 -2.67578125e-01 -2.67578125e-01  6.26123978e+00  2.39600487e+03 
 1.62500000e+02 -2.63231050e-01 -2.69531250e-01 -2.69531250e-01  6.30020029e+00  2.39338226e+03 
 1.62750000e+02 -2.65145362e-01 -2.71484375e-01 -2.71484375e-01  6.33901336e+00  2.39074059e+03 
 1.63000000e+02 -2.67059822e-01 -2.73437500e-01 -2.73437500e-01  6.37767790e+00  2.38807983e+03 
 1.63250000e+02 -2.68974432e-01 -2.75390625e-01 -2.75390625e-01  6.41619282e+00  2.38540001e+03 
 1.63500000e+02 -2.70889193e-01 -2.77343750e-01 -2.77343750e-01  6.45455705e+00  2.38270111e+03 
 1.63750000e+02 -2.72804105e-01 -2.79296875e-01 -2.79296875e-01  6.49276950e+00  2.37998314e+03 
 1.64000000e+02 -2.74719171e-01 -2.81250000e-01 -2.81250000e-01  6.53082910e+00  2.37724609e+03 
 1.64250000e+02 -2.76634390e-01 -2.83203125e-01 -2.83203125e-01  6.56873476e+00  2.37448997e+03 
 1.64500000e+02 -2.78549765e-01 -2.85156250e-01 -2.85156250e-01  6.60648539e+00  2.37171478e+03 
 1.64750000e+02 -2.80465295e-01 -2.87109375e-01 -2.87109375e-01  6.64407991e+00  2.36892052e+03 
 1.65000000e+02 -2.82380983e-01 -2.89062500e-01 -2.89062500e-01  6.68151725e+00  2.36610718e+03 
 1.65250000e+02 -2.84296829e-01 -2.91015625e-01 -2.91015625e-01  6.71879631e+00  2.36327477e+03 
 1.65500000e+02 -2.86212834e-01 -2.92968750e-01 -2.92968750e-01  6.75591601e+00  2.36042328e+03 
 1.65750000e+02 -2.88129000e-01 -2.94921875e-01 -2.94921875e-01  6.79287527e+00  2.35755272e+03 
 1.66000000e+02 -2.90045327e-01 -2.96875000e-01 -2.96875000e-01  6.82967300e+00  2.35466309e+03 
 1.66250000e+02 -2.91961817e-01 -2.98828125e-01 -2.98828125e-01  6.86630812e+00  2.35175438e+03 
 1.66500000e+02 -2.93878470e-01 -3.00781250e-01 -3.00781250e-01  6.90277954e+00  2.34882660e+03 
 1.66750000e+02 -2.95795289e-01 -3.02734375e-01 -3.02734375e-01  6.93908617e+00  2.34587975e+03 
 1.67000000e+02 -2.97712273e-01 -3.04687500e-01 -3.04687500e-01  6.97522694e+00  2.34291382e+03 
 1.67250000e+02 -2.99629424e-01 -3.06640625e-01 -3.06640625e-01  7.01120075e+00  2.33992882e+03 
 1.67500000e+02 -3.01546743e-01 -3.08593750e-01 -3.08593750e-01  7.04700652e+00  2.33692474e+03 
 1.67750000e+02 -3.03464232e-01 -3.10546875e-01 -3.10546875e-01  7.08264316e+00  2.33390160e+03 
 1.68000000e+02 -3.05381890e-01 -3.12500000e-01 -3.12500000e-01  7.11810959e+00  2.33085938e+03 
 1.68250000e+02 -3.07299720e-01 -3.14453125e-01 -3.14453125e-01  7.15340471e+00  2.32779808e+03 
 1.68500000e+02 -3.09217723e-01 -3.16406250e-01 -3.16406250e-01  7.18852743e+00  2.32471771e+03 
 1.68750000e+02 -3.11135898e-01 -3.18359375e-01 -3.18359375e-01  7.22347668e+00  2.32161827e+03 
 1.69000000e+02 -3.13054249e-01 -3.20312500e-01 -3.20312500e-01  7.25825136e+00  2.31849976e+03 
 1.69250000e+02 -3.14972775e-01 -3.22265625e-01 -3.22265625e-01  7.29285039e+00  2.31536217e+03 
 1.69500000e+02 -3.16891477e-01 -3.24218750e-01 -3.24218750e-01  7.32727266e+00  2.31220551e+03 
 1.69750000e+02 -3.18810358e-01 -3.26171875e-01 -3.26171875e-01  7.36151710e+00  2.30902977e+03 
 1.70000000e+02 -3.20729417e-01 -3.28125000e-01 -3.28125000e-01  7.39558262e+00  2.30583496e+03 
 1.70250000e+02 -3.22648657e-01 -3.30078125e-01 -3.30078125e-01  7.42946812e+00  2.30262108e+03 
 1.70500000e+02 -3.24568077e-01 -3.32031250e-01 -3.32031250e-01  7.46317251e+00  2.29938812e+03 
 1.70750000e+02 -3.26487680e-01 -3.33984375e-01 -3.33984375e-01  7.49669471e+00  2.29613609e+03 
 1.71000000e+02 -3.28407466e-01 -3.35937500e-01 -3.35937500e-01  7.53003362e+00  2.29286499e+03 
 1.71250000e+02 -3.30327437e-01 -3.37890625e-01 -3.37890625e-01  7.56318815e+00  2.28957481e+03 
 1.71500000e+02 -3.32247593e-01 -3.39843750e-01 -3.39843750e-01  7.59615721e+00  2.28626556e+03 
 1.71750000e+02 -3.34167935e-01 -3.41796875e-01 -3.41796875e-01  7.62893970e+00  2.28293724e+03 
 1.72000000e+02 -3.36088465e-01 -3.43750000e-01 -3.43750000e-01  7.66153454e+00  2.27958984e+03 
 1.72250000e+02 -3.38009184e-01 -3.45703125e-01 -3.45703125e-01  7.69394063e+00  2.27622337e+03 
 1.72500000e+02 -3.39930093e-01 -3.47656250e-01 -3.47656250e-01  7.72615687e+00  2.27283783e+03 
 1.72750000e+02 -3.41851193e-01 -3.49609375e-01 -3.49609375e-01  7.75818218e+00  2.26943321e+03 
 1.73000000e+02 -3.43772485e-01 -3.51562500e-01 -3.51562500e-01  7.79001546e+00  2.26600952e+03 
 1.73250000e+02 -3.45693969e-01 -3.53515625e-01 -3.53515625e-01  7.82165562e+00  2.26256676e+03 
 1.73500000e+02 -3.47615648e-01 -3.55468750e-01 -3.55468750e-01  7.85310155e+00  2.25910492e+03 
 1.73750000e+02 -3.49537523e-01 -3.57421875e-01 -3.57421875e-01  7.88435217e+00  2.25562401e+03 
 1.74000000e+02 -3.51459594e-01 -3.59375000e-01 -3.59375000e-01  7.91540639e+00  2.25212402e+03 
 1.74250000e+02 -3.53381862e-01 -3.61328125e-01 -3.61328125e-01  7.94626309e+00  2.24860497e+03 
 1.74500000e+02 -3.55304329e-01 -3.63281250e-01 -3.63281250e-01  7.97692120e+00  2.24506683e+03 
 1.74750000e+02 -3.57226995e-01 -3.65234375e-01 -3.65234375e-01  8.00737961e+00  2.24150963e+03 
 1.75000000e+02 -3.59149863e-01 -3.67187500e-01 -3.67187500e-01  8.03763722e+00  2.23793335e+03 
 1.75250000e+02 -3.61072932e-01 -3.69140625e-01 -3.69140625e-01  8.06769294e+00  2.23433800e+03 
 1.75500000e+02 -3.62996204e-01 -3.71093750e-01 -3.71093750e-01  8.09754567e+00  2.23072357e+03 
 1.75750000e+02 -3.64919681e-01 -3.73046875e-01 -3.73046875e-01  8.12719431e+00  2.22709007e+03 
 1.76000000e+02 -3.66843362e-01 -3.75000000e-01 -3.75000000e-01  8.15663777e+00  2.22343750e+03 
 1.76250000e+02 -3.68767250e-01 -3.76953125e-01 -3.76953125e-01  8.18587494e+00  2.21976585e+03 
 1.76500000e+02 -3.70691345e-01 -3.78906250e-01 -3.78906250e-01  8.21490473e+00  2.21607513e+03 
 1.76750000e+02 -3.72615649e-01 -3.80859375e-01 -3.80859375e-01  8.24372603e+00  2.21236534e+03 
 1.77000000e+02 -3.74540162e-01 -3.82812500e-01 -3.82812500e-01  8.27233775e+00  2.20863647e+03 
 1.77250000e+02 -3.76464886e-01 -3.84765625e-01 -3.84765625e-01  8.30073878e+00  2.20488853e+03 
 1.77500000e+02 -3.78389822e-01 -3.86718750e-01 -3.86718750e-01  8.32892803e+00  2.20112152e+03 
 1.77750000e+02 -3.80314971e-01 -3.88671875e-01 -3.88671875e-01  8.35690439e+00  2.19733543e+03 
 1.78000000e+02 -3.82240333e-01 -3.90625000e-01 -3.90625000e-01  8.38466677e+00  2.19353027e+03 
 1.78250000e+02 -3.84165911e-01 -3.92578125e-01 -3.92578125e-01  8.41221405e+00  2.18970604e+03 
 1.78500000e+02 -3.86091705e-01 -3.94531250e-01 -3.94531250e-01  8.43954514e+00  2.18586273e+03 
 1.78750000e+02 -3.88017716e-01 -3.96484375e-01 -3.96484375e-01  8.46665894e+00  2.18200035e+03 
 1.79000000e+02 -3.89943946e-01 -3.98437500e-01 -3.98437500e-01  8.49355433e+00  2.17811890e+03 
 1.79250000e+02 -3.91870395e-01 -4.00390625e-01 -4.00390625e-01  8.52023023e+00  2.17421837e+03 
 1.79500000e+02 -3.93797064e-01 -4.02343750e-01 -4.02343750e-01  8.54668552e+00  2.17029877e+03 
 1.79750000e+02 -3.95723956e-01 -4.04296875e-01 -4.04296875e-01  8.57291909e+00  2.16636009e+03 
 1.80000000e+02 -3.97651070e-01 -4.06250000e-01 -4.06250000e-01  8.59892986e+00  2.16240234e+03 
 1.80250000e+02 -3.99578408e-01 -4.08203125e-01 -4.08203125e-01  8.62471670e+00  2.15842552e+03 
 1.80500000e+02 -4.01505971e-01 -4.10156250e-01 -4.10156250e-01  8.65027851e+00  2.15442963e+03 
 1.80750000e+02 -4.03433761e-01 -4.12109375e-01 -4.12109375e-01  8.67561420e+00  2.15041466e+03 
 1.81000000e+02 -4.05361777e-01 -4.14062500e-01 -4.14062500e-01  8.70072264e+00  2.14638062e+03 
 1.81250000e+02 -4.07290022e-01 -4.16015625e-01 -4.16015625e-01  8.72560274e+00  2.14232750e+03 
 1.81500000e+02 -4.09218497e-01 -4.17968750e-01 -4.17968750e-01  8.75025338e+00  2.13825531e+03 
 1.81750000e+02 -4.11147202e-01 -4.19921875e-01 -4.19921875e-01  8.77467346e+00  2.13416405e+03 
 1.82000000e+02 -4.13076138e-01 -4.21875000e-01 -4.21875000e-01  8.79886187e+00  2.13005371e+03 
 1.82250000e+02 -4.15005307e-01 -4.23828125e-01 -4.23828125e-01  8.82281750e+00  2.12592430e+03 
 1.82500000e+02 -4.16934711e-01 -4.25781250e-01 -4.25781250e-01  8.84653925e+00  2.12177582e+03 
 1.82750000e+02 -4.18864349e-01 -4.27734375e-01 -4.27734375e-01  8.87002600e+00  2.11760826e+03 
 1.83000000e+02 -4.20794223e-01 -4.29687500e-01 -4.29687500e-01  8.89327664e+00  2.11342163e+03 
 1.83250000e+02 -4.22724335e-01 -4.31640625e-01 -4.31640625e-01  8.91629006e+00  2.10921593e+03 
 1.83500000e+02 -4.24654685e-01 -4.33593750e-01 -4.33593750e-01  8.93906515e+00  2.10499115e+03 
 1.83750000e+02 -4.26585274e-01 -4.35546875e-01 -4.35546875e-01  8.96160080e+00  2.10074730e+03 
 1.84000000e+02 -4.28516104e-01 -4.37500000e-01 -4.37500000e-01  8.98389590e+00  2.09648438e+03 
 1.84250000e+02 -4.30447176e-01 -4.39453125e-01 -4.39453125e-01  9.00594934e+00  2.09220238e+03 
 1.84500000e+02 -4.32378490e-01 -4.41406250e-01 -4.41406250e-01  9.02776000e+00  2.08790131e+03 
 1.84750000e+02 -4.34310048e-01 -4.43359375e-01 -4.43359375e-01  9.04932676e+00  2.08358116e+03 
 1.85000000e+02 -4.36241851e-01 -4.45312500e-01 -4.45312500e-01  9.07064853e+00  2.07924194e+03 
 1.85250000e+02 -4.38173901e-01 -4.47265625e-01 -4.47265625e-01  9.09172417e+00  2.07488365e+03 
 1.85500000e+02 -4.40106197e-01 -4.49218750e-01 -4.49218750e-01  9.11255258e+00  2.07050629e+03 
 1.85750000e+02 -4.42038742e-01 -4.51171875e-01 -4.51171875e-01  9.13313265e+00  2.06610985e+03 
 1.86000000e+02 -4.43971537e-01 -4.53125000e-01 -4.53125000e-01  9.15346325e+00  2.06169434e+03 
 1.86250000e+02 -4.45904582e-01 -4.55078125e-01 -4.55078125e-01  9.17354326e+00  2.05725975e+03 
 1.86500000e+02 -4.47837878e-01 -4.57031250e-01 -4.57031250e-01  9.19337159e+00  2.05280609e+03 
 1.86750000e+02 -4.49771428e-01 -4.58984375e-01 -4.58984375e-01  9.21294710e+00  2.04833336e+03 
 1.87000000e+02 -4.51705231e-01 -4.60937500e-01 -4.60937500e-01  9.23226868e+00  2.04384155e+03 
 1.87250000e+02 -4.53639290e-01 -4.62890625e-01 -4.62890625e-01  9.25133521e+00  2.03933067e+03 
 1.87500000e+02 -4.55573604e-01 -4.64843750e-01 -4.64843750e-01  9.27014557e+00  2.03480072e+03 
 1.87750000e+02 -4.57508176e-01 -4.66796875e-01 -4.66796875e-01  9.28869865e+00  2.03025169e+03 
 1.88000000e+02 -4.59443007e-01 -4.68750000e-01 -4.68750000e-01  9.30699332e+00  2.02568359e+03 
 1.88250000e+02 -4.61378097e-01 -4.70703125e-01 -4.70703125e-01  9.32502847e+00  2.02109642e+03 
 1.88500000e+02 -4.63313447e-01 -4.72656250e-01 -4.72656250e-01  9.34280297e+00  2.01649017e+03 
 1.88750000e+02 -4.65249059e-01 -4.74609375e-01 -4.74609375e-01  9.36031570e+00  2.01186485e+03 
 1.89000000e+02 -4.67184934e-01 -4.76562500e-01 -4.76562500e-01  9.37756555e+00  2.00722046e+03 
 1.89250000e+02 -4.69121074e-01 -4.78515625e-01 -4.78515625e-01  9.39455138e+00  2.00255699e+03 
 1.89500000e+02 -4.71057478e-01 -4.80468750e-01 -4.80468750e-01  9.41127208e+00  1.99787445e+03 
 1.89750000e+02 -4.72994148e-01 -4.82421875e-01 -4.82421875e-01  9.42772653e+00  1.99317284e+03 
 1.90000000e+02 -4.74931086e-01 -4.84375000e-01 -4.84375000e-01  9.44391360e+00  1.98845215e+03 
 1.90250000e+02 -4.76868293e-01 -4.86328125e-01 -4.86328125e-01  9.45983217e+00  1.98371239e+03 
 1.90500000e+02 -4.78805769e-01 -4.88281250e-01 -4.88281250e-01  9.47548111e+00  1.97895355e+03 
 1.90750000e+02 -4.80743516e-01 -4.90234375e-01 -4.90234375e-01  9.49085930e+00  1.97417564e+03 
 1.91000000e+02 -4.82681534e-01 -4.92187500e-01 -4.92187500e-01  9.50596561e+00  1.96937866e+03 
 1.91250000e+02 -4.84619826e-01 -4.94140625e-01 -4.94140625e-01  9.52079892e+00  1.96456261e+03 
 1.91500000e+02 -4.86558392e-01 -4.96093750e-01 -4.96093750e-01  9.53535810e+00  1.95972748e+03 
 1.91750000e+02 -4.88497233e-01 -4.98046875e-01 -4.98046875e-01  9.54964202e+00  1.95487328e+03 
 1.92000000e+02 -4.90436350e-01 -5.00000000e-01 -5.00000000e-01  9.56364956e+00  1.95000000e+03 
 1.92250000e+02 -4.92375745e-01 -5.01953125e-01 -5.01953125e-01  9.57737958e+00  1.94510765e+03 
 1.92500000e+02 -4.94315419e-01 -5.03906250e-01 -5.03906250e-01  9.59083097e+00  1.94019623e+03 
 1.92750000e+02 -4.96255372e-01 -5.05859375e-01 -5.05859375e-01  9.60400258e+00  1.93526573e+03 
 1.93000000e+02 -4.98195607e-01 -5.07812500e-01 -5.07812500e-01  9.61689330e+00  1.93031616e+03 
 1.93250000e+02 -5.00136123e-01 -5.09765625e-01 -5.09765625e-01  9.62950198e+00  1.92534752e+03 
 1.93500000e+02 -5.02076922e-01 -5.11718750e-01 -5.11718750e-01  9.64182751e+00  1.92035980e+03 
 1.93750000e+02 -5.04018006e-01 -5.13671875e-01 -5.13671875e-01  9.65386874e+00  1.91535301e+03 
 1.94000000e+02 -5.05959375e-01 -5.15625000e-01 -5.15625000e-01  9.66562455e+00  1.91032715e+03 
 1.94250000e+02 -5.07901031e-01 -5.17578125e-01 -5.17578125e-01  9.67709381e+00  1.90528221e+03 
 1.94500000e+02 -5.09842975e-01 -5.19531250e-01 -5.19531250e-01  9.68827537e+00  1.90021820e+03 
 1.94750000e+02 -5.11785207e-01 -5.21484375e-01 -5.21484375e-01  9.69916812e+00  1.89513512e+03 
 1.95000000e+02 -5.13727729e-01 -5.23437500e-01 -5.23437500e-01  9.70977091e+00  1.89003296e+03 
 1.95250000e+02 -5.15670542e-01 -5.25390625e-01 -5.25390625e-01  9.72008260e+00  1.88491173e+03 
 1.95500000e+02 -5.17613648e-01 -5.27343750e-01 -5.27343750e-01  9.73010208e+00  1.87977142e+03 
 1.95750000e+02 -5.19557047e-01 -5.29296875e-01 -5.29296875e-01  9.73982819e+00  1.87461205e+03 
 1.96000000e+02 -5.21500740e-01 -5.31250000e-01 -5.31250000e-01  9.74925980e+00  1.86943359e+03 
 1.96250000e+02 -5.23444729e-01 -5.33203125e-01 -5.33203125e-01  9.75839578e+00  1.86423607e+03 
 1.96500000e+02 -5.25389015e-01 -5.35156250e-01 -5.35156250e-01  9.76723499e+00  1.85901947e+03 
 1.96750000e+02 -5.27333599e-01 -5.37109375e-01 -5.37109375e-01  9.77577629e+00  1.85378380e+03 
 1.97000000e+02 -5.29278481e-01 -5.39062500e-01 -5.39062500e-01  9.78401854e+00  1.84852905e+03 
 1.97250000e+02 -5.31223664e-01 -5.41015625e-01 -5.41015625e-01  9.79196061e+00  1.84325523e+03 
 1.97500000e+02 -5.33169149e-01 -5.42968750e-01 -5.42968750e-01  9.79960135e+00  1.83796234e+03 
 1.97750000e+02 -5.35114935e-01 -5.44921875e-01 -5.44921875e-01  9.80693962e+00  1.83265038e+03 
 1.98000000e+02 -5.37061026e-01 -5.46875000e-01 -5.46875000e-01  9.81397428e+00  1.82731934e+03 
 1.98250000e+02 -5.39007421e-01 -5.48828125e-01 -5.48828125e-01  9.82070420e+00  1.82196922e+03 
 1.98500000e+02 -5.40954122e-01 -5.50781250e-01 -5.50781250e-01  9.82712822e+00  1.81660004e+03 
 1.98750000e+02 -5.42901130e-01 -5.52734375e-01 -5.52734375e-01  9.83324522e+00  1.81121178e+03 
 1.99000000e+02 -5.44848446e-01 -5.54687500e-01 -5.54687500e-01  9.83905403e+00  1.80580444e+03 
 1.99250000e+02 -5.46796071e-01 -5.56640625e-01 -5.56640625e-01  9.84455353e+00  1.80037804e+03 
 1.99500000e+02 -5.48744007e-01 -5.58593750e-01 -5.58593750e-01  9.84974257e+00  1.79493256e+03 
 1.99750000e+02 -5.50692255e-01 -5.60546875e-01 -5.60546875e-01  9.85461999e+00  1.78946800e+03 
 2.00000000e+02 -5.52640815e-01 -5.62500000e-01 -5.62500000e-01  9.85918466e+00  1.78398438e+03 
 2.00250000e+02 -5.54589690e-01 -5.64453125e-01 -5.64453125e-01  9.86343543e+00  1.77848167e+03 
 2.00500000e+02 -5.56538879e-01 -5.66406250e-01 -5.66406250e-01  9.86737115e+00  1.77295990e+03 
 2.00750000e+02 -5.58488384e-01 -5.68359375e-01 -5.68359375e-01  9.87099068e+00  1.76741905e+03 
 2.01000000e+02 -5.60438207e-01 -5.70312500e-01 -5.70312500e-01  9.87429287e+00  1.76185913e+03 
 2.01250000e+02 -5.62388348e-01 -5.72265625e-01 -5.72265625e-01  9.87727657e+00  1.75628014e+03 
 2.01500000e+02 -5.64338809e-01 -5.74218750e-01 -5.74218750e-01  9.87994062e+00  1.75068207e+03 
 2.01750000e+02 -5.66289591e-01 -5.76171875e-01 -5.76171875e-01  9.88228389e+00  1.74506493e+03 
 2.02000000e+02 -5.68240695e-01 -5.78125000e-01 -5.78125000e-01  9.88430522e+00  1.73942871e+03 
 2.02250000e+02 -5.70192122e-01 -5.80078125e-01 -5.80078125e-01  9.88600346e+00  1.73377342e+03 
 2.02500000e+02 -5.72143873e-01 -5.82031250e-01 -5.82031250e-01  9.88737745e+00  1.72809906e+03 
 2.02750000e+02 -5.74095949e-01 -5.83984375e-01 -5.83984375e-01  9.88842605e+00  1.72240562e+03 
 2.03000000e+02 -5.76048352e-01 -5.85937500e-01 -5.85937500e-01  9.88914811e+00  1.71669312e+03 
 2.03250000e+02 -5.78001083e-01 -5.87890625e-01 -5.87890625e-01  9.88954246e+00  1.71096153e+03 
 2.03500000e+02 -5.79954142e-01 -5.89843750e-01 -5.89843750e-01  9.88960796e+00  1.70521088e+03 
 2.03750000e+02 -5.81907532e-01 -5.91796875e-01 -5.91796875e-01  9.88934345e+00  1.69944115e+03 
 2.04000000e+02 -5.83861252e-01 -5.93750000e-01 -5.93750000e-01  9.88874778e+00  1.69365234e+03 
 2.04250000e+02 -5.85815305e-01 -5.95703125e-01 -5.95703125e-01  9.88781979e+00  1.68784447e+03 
 2.04500000e+02 -5.87769692e-01 -5.97656250e-01 -5.97656250e-01  9.88655832e+00  1.68201752e+03 
 2.04750000e+02 -5.89724413e-01 -5.99609375e-01 -5.99609375e-01  9.88496221e+00  1.67617149e+03 
 2.05000000e+02 -5.91679470e-01 -6.01562500e-01 -6.01562500e-01  9.88303031e+00  1.67030640e+03 
 2.05250000e+02 -5.93634864e-01 -6.03515625e-01 -6.03515625e-01  9.88076147e+00  1.66442223e+03 
 2.05500000e+02 -5.95590595e-01 -6.05468750e-01 -6.05468750e-01  9.87815451e+00  1.65851898e+03 
 2.05750000e+02 -5.97546667e-01 -6.07421875e-01 -6.07421875e-01  9.87520829e+00  1.65259666e+03 
 2.06000000e+02 -5.99503078e-01 -6.09375000e-01 -6.09375000e-01  9.87192163e+00  1.64665527e+03 
 2.06250000e+02 -6.01459832e-01 -6.11328125e-01 -6.11328125e-01  9.86829339e+00  1.64069481e+03 
 2.06500000e+02 -6.03416928e-01 -6.13281250e-01 -6.13281250e-01  9.86432239e+00  1.63471527e+03 
 2.06750000e+02 -6.05374368e-01 -6.15234375e-01 -6.15234375e-01  9.86000747e+00  1.62871666e+03 
 2.07000000e+02 -6.07332153e-01 -6.17187500e-01 -6.17187500e-01  9.85534748e+00  1.62269897e+03 
 2.07250000e+02 -6.09290284e-01 -6.19140625e-01 -6.19140625e-01  9.85034125e+00  1.61666222e+03 
 2.07500000e+02 -6.11248762e-01 -6.21093750e-01 -6.21093750e-01  9.84498761e+00  1.61060638e+03 
 2.07750000e+02 -6.13207590e-01 -6.23046875e-01 -6.23046875e-01  9.83928540e+00  1.60453148e+03 
 2.08000000e+02 -6.15166767e-01 -6.25000000e-01 -6.25000000e-01  9.83323345e+00  1.59843750e+03 
 2.08250000e+02 -6.17126294e-01 -6.26953125e-01 -6.26953125e-01  9.82683060e+00  1.59232445e+03 
 2.08500000e+02 -6.19086174e-01 -6.28906250e-01 -6.28906250e-01  9.82007568e+00  1.58619232e+03 
 2.08750000e+02 -6.21046407e-01 -6.30859375e-01 -6.30859375e-01  9.81296752e+00  1.58004112e+03 
 2.09000000e+02 -6.23006995e-01 -6.32812500e-01 -6.32812500e-01  9.80550495e+00  1.57387085e+03 
 2.09250000e+02 -6.24967938e-01 -6.34765625e-01 -6.34765625e-01  9.79768681e+00  1.56768150e+03 
 2.09500000e+02 -6.26929238e-01 -6.36718750e-01 -6.36718750e-01  9.78951192e+00  1.56147308e+03 
 2.09750000e+02 -6.28890896e-01 -6.38671875e-01 -6.38671875e-01  9.78097912e+00  1.55524559e+03 
 2.10000000e+02 -6.30852913e-01 -6.40625000e-01 -6.40625000e-01  9.77208723e+00  1.54899902e+03 
 2.10250000e+02 -6.32815290e-01 -6.42578125e-01 -6.42578125e-01  9.76283508e+00  1.54273338e+03 
 2.10500000e+02 -6.34778029e-01 -6.44531250e-01 -6.44531250e-01  9.75322150e+00  1.53644867e+03 
 2.10750000e+02 -6.36741130e-01 -6.46484375e-01 -6.46484375e-01  9.74324531e+00  1.53014488e+03 
 2.11000000e+02 -6.38704595e-01 -6.48437500e-01 -6.48437500e-01  9.73290534e+00  1.52382202e+03 
 2.11250000e+02 -6.40668425e-01 -6.50390625e-01 -6.50390625e-01  9.72220042e+00  1.51748009e+03 
 2.11500000e+02 -6.42632621e-01 -6.52343750e-01 -6.52343750e-01  9.71112937e+00  1.51111908e+03 
 2.11750000e+02 -6.44597184e-01 -6.54296875e-01 -6.54296875e-01  9.69969102e+00  1.50473900e+03 
 2.12000000e+02 -6.46562116e-01 -6.56250000e-01 -6.56250000e-01  9.68788418e+00  1.49833984e+03 
 2.12250000e+02 -6.48527417e-01 -6.58203125e-01 -6.58203125e-01  9.67570768e+00  1.49192162e+03 
 2.12500000e+02 -6.50493090e-01 -6.60156250e-01 -6.60156250e-01  9.66316035e+00  1.48548431e+03 
 2.12750000e+02 -6.52459134e-01 -6.62109375e-01 -6.62109375e-01  9.65024100e+00  1.47902794e+03 
 2.13000000e+02 -6.54425552e-01 -6.64062500e-01 -6.64062500e-01  9.63694845e+00  1.47255249e+03 
 2.13250000e+02 -6.56392343e-01 -6.66015625e-01 -6.66015625e-01  9.62328152e+00  1.46605797e+03 
 2.13500000e+02 -6.58359511e-01 -6.67968750e-01 -6.67968750e-01  9.60923904e+00  1.45954437e+03 
 2.13750000e+02 -6.60327055e-01 -6.69921875e-01 -6.69921875e-01  9.59481982e+00  1.45301170e+03 
 2.14000000e+02 -6.62294977e-01 -6.71875000e-01 -6.71875000e-01  9.58002267e+00  1.44645996e+03 
 2.14250000e+02 -6.64263279e-01 -6.73828125e-01 -6.73828125e-01  9.56484642e+00  1.43988914e+03 
 2.14500000e+02 -6.66231960e-01 -6.75781250e-01 -6.75781250e-01  9.54928988e+00  1.43329926e+03 
 2.14750000e+02 -6.68201023e-01 -6.77734375e-01 -6.77734375e-01  9.53335187e+00  1.42669029e+03 
 2.15000000e+02 -6.70170469e-01 -6.79687500e-01 -6.79687500e-01  9.51703119e+00  1.42006226e+03 
 2.15250000e+02 -6.72140298e-01 -6.81640625e-01 -6.81640625e-01  9.50032667e+00  1.41341515e+03 
 2.15500000e+02 -6.74110513e-01 -6.83593750e-01 -6.83593750e-01  9.48323712e+00  1.40674896e+03 
 2.15750000e+02 -6.76081114e-01 -6.85546875e-01 -6.85546875e-01  9.46576134e+00  1.40006371e+03 
 2.16000000e+02 -6.78052102e-01 -6.87500000e-01 -6.87500000e-01  9.44789816e+00  1.39335938e+03 
 2.16250000e+02 -6.80023479e-01 -6.89453125e-01 -6.89453125e-01  9.42964638e+00  1.38663597e+03 
 2.16500000e+02 -6.81995245e-01 -6.91406250e-01 -6.91406250e-01  9.41100481e+00  1.37989349e+03 
 2.16750000e+02 -6.83967403e-01 -6.93359375e-01 -6.93359375e-01  9.39197226e+00  1.37313194e+03 
 2.17000000e+02 -6.85939952e-01 -6.95312500e-01 -6.95312500e-01  9.37254753e+00  1.36635132e+03 
 2.17250000e+02 -6.87912896e-01 -6.97265625e-01 -6.97265625e-01  9.35272945e+00  1.35955162e+03 
 2.17500000e+02 -6.89886233e-01 -6.99218750e-01 -6.99218750e-01  9.33251681e+00  1.35273285e+03 
 2.17750000e+02 -6.91859967e-01 -7.01171875e-01 -7.01171875e-01  9.31190842e+00  1.34589500e+03 
 2.18000000e+02 -6.93834097e-01 -7.03125000e-01 -7.03125000e-01  9.29090308e+00  1.33903809e+03 
 2.18250000e+02 -6.95808625e-01 -7.05078125e-01 -7.05078125e-01  9.26949960e+00  1.33216209e+03 
 2.18500000e+02 -6.97783553e-01 -7.07031250e-01 -7.07031250e-01  9.24769679e+00  1.32526703e+03 
 2.18750000e+02 -6.99758882e-01 -7.08984375e-01 -7.08984375e-01  9.22549345e+00  1.31835289e+03 
 2.19000000e+02 -7.01734612e-01 -7.10937500e-01 -7.10937500e-01  9.20288837e+00  1.31141968e+03 
 2.19250000e+02 -7.03710745e-01 -7.12890625e-01 -7.12890625e-01  9.17988037e+00  1.30446739e+03 
 2.19500000e+02 -7.05687282e-01 -7.14843750e-01 -7.14843750e-01  9.15646824e+00  1.29749603e+03 
 2.19750000e+02 -7.07664224e-01 -7.16796875e-01 -7.16796875e-01  9.13265078e+00  1.29050560e+03 
 2.20000000e+02 -7.09641573e-01 -7.18750000e-01 -7.18750000e-01  9.10842679e+00  1.28349609e+03 
 2.20250000e+02 -7.11619330e-01 -7.20703125e-01 -7.20703125e-01  9.08379506e+00  1.27646751e+03 
 2.20500000e+02 -7.13597496e-01 -7.22656250e-01 -7.22656250e-01  9.05875441e+00  1.26941986e+03 
 2.20750000e+02 -7.15576071e-01 -7.24609375e-01 -7.24609375e-01  9.03330362e+00  1.26235313e+03 
 2.21000000e+02 -7.17555059e-01 -7.26562500e-01 -7.26562500e-01  9.00744149e+00  1.25526733e+03 
 2.21250000e+02 -7.19534458e-01 -7.28515625e-01 -7.28515625e-01  8.98116682e+00  1.24816246e+03 
 2.21500000e+02 -7.21514272e-01 -7.30468750e-01 -7.30468750e-01  8.95447839e+00  1.24103851e+03 
 2.21750000e+02 -7.23494500e-01 -7.32421875e-01 -7.32421875e-01  8.92737501e+00  1.23389549e+03 
 2.22000000e+02 -7.25475145e-01 -7.34375000e-01 -7.34375000e-01  8.89985546e+00  1.22673340e+03 
 2.22250000e+02 -7.27456206e-01 -7.36328125e-01 -7.36328125e-01  8.87191854e+00  1.21955223e+03 
 2.22500000e+02 -7.29437687e-01 -7.38281250e-01 -7.38281250e-01  8.84356304e+00  1.21235199e+03 
 2.22750000e+02 -7.31419587e-01 -7.40234375e-01 -7.40234375e-01  8.81478775e+00  1.20513268e+03 
 2.23000000e+02 -7.33401909e-01 -7.42187500e-01 -7.42187500e-01  8.78559145e+00  1.19789429e+03 
 2.23250000e+02 -7.35384652e-01 -7.44140625e-01 -7.44140625e-01  8.75597295e+00  1.19063683e+03 
 2.23500000e+02 -7.37367819e-01 -7.46093750e-01 -7.46093750e-01  8.72593102e+00  1.18336029e+03 
 2.23750000e+02 -7.39351411e-01 -7.48046875e-01 -7.48046875e-01  8.69546445e+00  1.17606468e+03 
 2.24000000e+02 -7.41335428e-01 -7.50000000e-01 -7.50000000e-01  8.66457203e+00  1.16875000e+03 
 2.24250000e+02 -7.43319872e-01 -7.51953125e-01 -7.51953125e-01  8.63325255e+00  1.16141624e+03 
 2.24500000e+02 -7.45304745e-01 -7.53906250e-01 -7.53906250e-01  8.60150478e+00  1.15406342e+03 
 2.24750000e+02 -7.47290047e-01 -7.55859375e-01 -7.55859375e-01  8.56932752e+00  1.14669151e+03 
 2.25000000e+02 -7.49275780e-01 -7.57812500e-01 -7.57812500e-01  8.53671954e+00  1.13930054e+03 
 2.25250000e+02 -7.51261945e-01 -7.59765625e-01 -7.59765625e-01  8.50367962e+00  1.13189049e+03 
 2.25500000e+02 -7.53248543e-01 -7.61718750e-01 -7.61718750e-01  8.47020656e+00  1.12446136e+03 
 2.25750000e+02 -7.55235576e-01 -7.63671875e-01 -7.63671875e-01  8.43629912e+00  1.11701317e+03 
 2.26000000e+02 -7.57223044e-01 -7.65625000e-01 -7.65625000e-01  8.40195610e+00  1.10954590e+03 
 2.26250000e+02 -7.59210949e-01 -7.67578125e-01 -7.67578125e-01  8.36717626e+00  1.10205956e+03 
 2.26500000e+02 -7.61199292e-01 -7.69531250e-01 -7.69531250e-01  8.33195838e+00  1.09455414e+03 
 2.26750000e+02 -7.63188074e-01 -7.71484375e-01 -7.71484375e-01  8.29630125e+00  1.08702965e+03 
 2.27000000e+02 -7.65177296e-01 -7.73437500e-01 -7.73437500e-01  8.26020363e+00  1.07948608e+03 
 2.27250000e+02 -7.67166961e-01 -7.75390625e-01 -7.75390625e-01  8.22366431e+00  1.07192345e+03 
 2.27500000e+02 -7.69157068e-01 -7.77343750e-01 -7.77343750e-01  8.18668205e+00  1.06434174e+03 
 2.27750000e+02 -7.71147619e-01 -7.79296875e-01 -7.79296875e-01  8.14925563e+00  1.05674095e+03 
 2.28000000e+02 -7.73138616e-01 -7.81250000e-01 -7.81250000e-01  8.11138383e+00  1.04912109e+03 
 2.28250000e+02 -7.75130060e-01 -7.83203125e-01 -7.83203125e-01  8.07306541e+00  1.04148216e+03 
 2.28500000e+02 -7.77121951e-01 -7.85156250e-01 -7.85156250e-01  8.03429915e+00  1.03382416e+03 
 2.28750000e+02 -7.79114291e-01 -7.87109375e-01 -7.87109375e-01  7.99508381e+00  1.02614708e+03 
 2.29000000e+02 -7.81107082e-01 -7.89062500e-01 -7.89062500e-01  7.95541817e+00  1.01845093e+03 
 2.29250000e+02 -7.83100324e-01 -7.91015625e-01 -7.91015625e-01  7.91530099e+00  1.01073570e+03 
 2.29500000e+02 -7.85094019e-01 -7.92968750e-01 -7.92968750e-01  7.87473104e+00  1.00300140e+03 
 2.29750000e+02 -7.87088168e-01 -7.94921875e-01 -7.94921875e-01  7.83370709e+00  9.95248032e+02 
 2.30000000e+02 -7.89082772e-01 -7.96875000e-01 -7.96875000e-01  7.79222790e+00  9.87475586e+02 
 2.30250000e+02 -7.91077833e-01 -7.98828125e-01 -7.98828125e-01  7.75029224e+00  9.79684067e+02 
 2.30500000e+02 -7.93073351e-01 -8.00781250e-01 -8.00781250e-01  7.70789886e+00  9.71873474e+02 
 2.30750000e+02 -7.95069328e-01 -8.02734375e-01 -8.02734375e-01  7.66504654e+00  9.64043808e+02 
 2.31000000e+02 -7.97065766e-01 -8.04687500e-01 -8.04687500e-01  7.62173404e+00  9.56195068e+02 
 2.31250000e+02 -7.99062665e-01 -8.06640625e-01 -8.06640625e-01  7.57796011e+00  9.48327255e+02 
 2.31500000e+02 -8.01060026e-01 -8.08593750e-01 -8.08593750e-01  7.53372352e+00  9.40440369e+02 
 2.31750000e+02 -8.03057852e-01 -8.10546875e-01 -8.10546875e-01  7.48902302e+00  9.32534409e+02 
 2.32000000e+02 -8.05056143e-01 -8.12500000e-01 -8.12500000e-01  7.44385738e+00  9.24609375e+02 
 2.32250000e+02 -8.07054900e-01 -8.14453125e-01 -8.14453125e-01  7.39822534e+00  9.16665268e+02 
 2.32500000e+02 -8.09054124e-01 -8.16406250e-01 -8.16406250e-01  7.35212568e+00  9.08702087e+02 
 2.32750000e+02 -8.11053818e-01 -8.18359375e-01 -8.18359375e-01  7.30555714e+00  9.00719833e+02 
 2.33000000e+02 -8.13053982e-01 -8.20312500e-01 -8.20312500e-01  7.25851847e+00  8.92718506e+02 
 2.33250000e+02 -8.15054617e-01 -8.22265625e-01 -8.22265625e-01  7.21100844e+00  8.84698105e+02 
 2.33500000e+02 -8.17055724e-01 -8.24218750e-01 -8.24218750e-01  7.16302579e+00  8.76658630e+02 
 2.33750000e+02 -8.19057306e-01 -8.26171875e-01 -8.26171875e-01  7.11456928e+00  8.68600082e+02 
 2.34000000e+02 -8.21059362e-01 -8.28125000e-01 -8.28125000e-01  7.06563765e+00  8.60522461e+02 
 2.34250000e+02 -8.23061895e-01 -8.30078125e-01 -8.30078125e-01  7.01622966e+00  8.52425766e+02 
 2.34500000e+02 -8.25064906e-01 -8.32031250e-01 -8.32031250e-01  6.96634406e+00  8.44309998e+02 
 2.34750000e+02 -8.27068395e-01 -8.33984375e-01 -8.33984375e-01  6.91597959e+00  8.36175156e+02 
 2.35000000e+02 -8.29072365e-01 -8.35937500e-01 -8.35937500e-01  6.86513500e+00  8.28021240e+02 
 2.35250000e+02 -8.31076816e-01 -8.37890625e-01 -8.37890625e-01  6.81380903e+00  8.19848251e+02 
 2.35500000e+02 -8.33081750e-01 -8.39843750e-01 -8.39843750e-01  6.76200044e+00  8.11656189e+02 
 2.35750000e+02 -8.35087167e-01 -8.41796875e-01 -8.41796875e-01  6.70970797e+00  8.03445053e+02 
 2.36000000e+02 -8.37093070e-01 -8.43750000e-01 -8.43750000e-01  6.65693035e+00  7.95214844e+02 
 2.36250000e+02 -8.39099459e-01 -8.45703125e-01 -8.45703125e-01  6.60366634e+00  7.86965561e+02 
 2.36500000e+02 -8.41106335e-01 -8.47656250e-01 -8.47656250e-01  6.54991467e+00  7.78697205e+02 
 2.36750000e+02 -8.43113701e-01 -8.49609375e-01 -8.49609375e-01  6.49567408e+00  7.70409775e+02 
 2.37000000e+02 -8.45121557e-01 -8.51562500e-01 -8.51562500e-01  6.44094331e+00  7.62103271e+02 
 2.37250000e+02 -8.47129904e-01 -8.53515625e-01 -8.53515625e-01  6.38572111e+00  7.53777695e+02 
 2.37500000e+02 -8.49138744e-01 -8.55468750e-01 -8.55468750e-01  6.33000620e+00  7.45433044e+02 
 2.37750000e+02 -8.51148078e-01 -8.57421875e-01 -8.57421875e-01  6.27379733e+00  7.37069321e+02 
 2.38000000e+02 -8.53157907e-01 -8.59375000e-01 -8.59375000e-01  6.21709323e+00  7.28686523e+02 
 2.38250000e+02 -8.55168232e-01 -8.61328125e-01 -8.61328125e-01  6.15989264e+00  7.20284653e+02 
 2.38500000e+02 -8.57179056e-01 -8.63281250e-01 -8.63281250e-01  6.10219428e+00  7.11863708e+02 
 2.38750000e+02 -8.59190378e-01 -8.65234375e-01 -8.65234375e-01  6.04399689e+00  7.03423691e+02 
 2.39000000e+02 -8.61202201e-01 -8.67187500e-01 -8.67187500e-01  5.98529921e+00  6.94964600e+02 
 2.39250000e+02 -8.63214525e-01 -8.69140625e-01 -8.69140625e-01  5.92609996e+00  6.86486435e+02 
 2.39500000e+02 -8.65227352e-01 -8.71093750e-01 -8.71093750e-01  5.86639787e+00  6.77989197e+02 
 2.39750000e+02 -8.67240683e-01 -8.73046875e-01 -8.73046875e-01  5.80619167e+00  6.69472885e+02 
 2.40000000e+02 -8.69254520e-01 -8.75000000e-01 -8.75000000e-01  5.74548010e+00  6.60937500e+02 
 2.40250000e+02 -8.71268863e-01 -8.76953125e-01 -8.76953125e-01  5.68426186e+00  6.52383041e+02 
 2.40500000e+02 -8.73283714e-01 -8.78906250e-01 -8.78906250e-01  5.62253570e+00  6.43809509e+02 
 2.40750000e+02 -8.75299075e-01 -8.80859375e-01 -8.80859375e-01  5.56030033e+00  6.35216904e+02 
 2.41000000e+02 -8.77314946e-01 -8.82812500e-01 -8.82812500e-01  5.49755448e+00  6.26605225e+02 
 2.41250000e+02 -8.79331328e-01 -8.84765625e-01 -8.84765625e-01  5.43429687e+00  6.17974472e+02 
 2.41500000e+02 -8.81348224e-01 -8.86718750e-01 -8.86718750e-01  5.37052622e+00  6.09324646e+02 
 2.41750000e+02 -8.83365634e-01 -8.88671875e-01 -8.88671875e-01  5.30624126e+00  6.00655746e+02 
 2.42000000e+02 -8.85383559e-01 -8.90625000e-01 -8.90625000e-01  5.24144070e+00  5.91967773e+02 
 2.42250000e+02 -8.87402002e-01 -8.92578125e-01 -8.92578125e-01  5.17612325e+00  5.83260727e+02 
 2.42500000e+02 -8.89420962e-01 -8.94531250e-01 -8.94531250e-01  5.11028765e+00  5.74534607e+02 
 2.42750000e+02 -8.91440442e-01 -8.96484375e-01 -8.96484375e-01  5.04393260e+00  5.65789413e+02 
 2.43000000e+02 -8.93460443e-01 -8.98437500e-01 -8.98437500e-01  4.97705681e+00  5.57025146e+02 
 2.43250000e+02 -8.95480966e-01 -9.00390625e-01 -9.00390625e-01  4.90965901e+00  5.48241806e+02 
 2.43500000e+02 -8.97502012e-01 -9.02343750e-01 -9.02343750e-01  4.84173791e+00  5.39439392e+02 
 2.43750000e+02 -8.99523583e-01 -9.04296875e-01 -9.04296875e-01  4.77329221e+00  5.30617905e+02 
 2.44000000e+02 -9.01545679e-01 -9.06250000e-01 -9.06250000e-01  4.70432063e+00  5.21777344e+02 
 2.44250000e+02 -9.03568303e-01 -9.08203125e-01 -9.08203125e-01  4.63482188e+00  5.12917709e+02 
 2.44500000e+02 -9.05591455e-01 -9.10156250e-01 -9.10156250e-01  4.56479466e+00  5.04039001e+02 
 2.44750000e+02 -9.07615137e-01 -9.12109375e-01 -9.12109375e-01  4.49423769e+00  4.95141220e+02 
 2.45000000e+02 -9.09639350e-01 -9.14062500e-01 -9.14062500e-01  4.42314968e+00  4.86224365e+02 
 2.45250000e+02 -9.11664096e-01 -9.16015625e-01 -9.16015625e-01  4.35152931e+00  4.77288437e+02 
 2.45500000e+02 -9.13689375e-01 -9.17968750e-01 -9.17968750e-01  4.27937532e+00  4.68333435e+02 
 2.45750000e+02 -9.15715189e-01 -9.19921875e-01 -9.19921875e-01  4.20668638e+00  4.59359360e+02 
 2.46000000e+02 -9.17741539e-01 -9.21875000e-01 -9.21875000e-01  4.13346121e+00  4.50366211e+02 
 2.46250000e+02 -9.19768426e-01 -9.23828125e-01 -9.23828125e-01  4.05969851e+00  4.41353989e+02 
 2.46500000e+02 -9.21795853e-01 -9.25781250e-01 -9.25781250e-01  3.98539698e+00  4.32322693e+02 
 2.46750000e+02 -9.23823820e-01 -9.27734375e-01 -9.27734375e-01  3.91055531e+00  4.23272324e+02 
 2.47000000e+02 -9.25852328e-01 -9.29687500e-01 -9.29687500e-01  3.83517220e+00  4.14202881e+02 
 2.47250000e+02 -9.27881379e-01 -9.31640625e-01 -9.31640625e-01  3.75924636e+00  4.05114365e+02 
 2.47500000e+02 -9.29910974e-01 -9.33593750e-01 -9.33593750e-01  3.68277647e+00  3.96006775e+02 
 2.47750000e+02 -9.31941114e-01 -9.35546875e-01 -9.35546875e-01  3.60576123e+00  3.86880112e+02 
 2.48000000e+02 -9.33971801e-01 -9.37500000e-01 -9.37500000e-01  3.52819934e+00  3.77734375e+02 
 2.48250000e+02 -9.36003036e-01 -9.39453125e-01 -9.39453125e-01  3.45008948e+00  3.68569565e+02 
 2.48500000e+02 -9.38034820e-01 -9.41406250e-01 -9.41406250e-01  3.37143034e+00  3.59385681e+02 
 2.48750000e+02 -9.40067154e-01 -9.43359375e-01 -9.43359375e-01  3.29222061e+00  3.50182724e+02 
 2.49000000e+02 -9.42100041e-01 -9.45312500e-01 -9.45312500e-01  3.21245899e+00  3.40960693e+02 
 2.49250000e+02 -9.44133481e-01 -9.47265625e-01 -9.47265625e-01  3.13214415e+00  3.31719589e+02 
 2.49500000e+02 -9.46167475e-01 -9.49218750e-01 -9.49218750e-01  3.05127479e+00  3.22459412e+02 
 2.49750000e+02 -9.48202025e-01 -9.51171875e-01 -9.51171875e-01  2.96984958e+00  3.13180161e+02 
 2.50000000e+02 -9.50237133e-01 -9.53125000e-01 -9.53125000e-01  2.88786721e+00  3.03881836e+02 
 2.50250000e+02 -9.52272799e-01 -9.55078125e-01 -9.55078125e-01  2.80532636e+00  2.94564438e+02 
 2.50500000e+02 -9.54309024e-01 -9.57031250e-01 -9.57031250e-01  2.72222571e+00  2.85227966e+02 
 2.50750000e+02 -9.56345811e-01 -9.58984375e-01 -9.58984375e-01  2.63856393e+00  2.75872421e+02 
 2.51000000e+02 -9.58383160e-01 -9.60937500e-01 -9.60937500e-01  2.55433969e+00  2.66497803e+02 
 2.51250000e+02 -9.60421073e-01 -9.62890625e-01 -9.62890625e-01  2.46955168e+00  2.57104111e+02 
 2.51500000e+02 -9.62459551e-01 -9.64843750e-01 -9.64843750e-01  2.38419856e+00  2.47691345e+02 
 2.51750000e+02 -9.64498596e-01 -9.66796875e-01 -9.66796875e-01  2.29827899e+00  2.38259506e+02 
 2.52000000e+02 -9.66538208e-01 -9.68750000e-01 -9.68750000e-01  2.21179165e+00  2.28808594e+02 
 2.52250000e+02 -9.68578390e-01 -9.70703125e-01 -9.70703125e-01  2.12473518e+00  2.19338608e+02 
 2.52500000e+02 -9.70619142e-01 -9.72656250e-01 -9.72656250e-01  2.03710825e+00  2.09849548e+02 
 2.52750000e+02 -9.72660466e-01 -9.74609375e-01 -9.74609375e-01  1.94890950e+00  2.00341415e+02 
 2.53000000e+02 -9.74702362e-01 -9.76562500e-01 -9.76562500e-01  1.86013757e+00  1.90814209e+02 
 2.53250000e+02 -9.76744834e-01 -9.78515625e-01 -9.78515625e-01  1.77079108e+00  1.81267929e+02 
 2.53500000e+02 -9.78787881e-01 -9.80468750e-01 -9.80468750e-01  1.68086866e+00  1.71702576e+02 
 2.53750000e+02 -9.80831506e-01 -9.82421875e-01 -9.82421875e-01  1.59036889e+00  1.62118149e+02 
 2.54000000e+02 -9.82875710e-01 -9.84375000e-01 -9.84375000e-01  1.49929032e+00  1.52514648e+02 
 2.54250000e+02 -9.84920494e-01 -9.86328125e-01 -9.86328125e-01  1.40763147e+00  1.42892075e+02 
 2.54500000e+02 -9.86965859e-01 -9.88281250e-01 -9.88281250e-01  1.31539074e+00  1.33250427e+02 
 2.54750000e+02 -9.89011809e-01 -9.90234375e-01 -9.90234375e-01  1.22256640e+00  1.23589706e+02 
 2.55000000e+02 -9.91058344e-01 -9.92187500e-01 -9.92187500e-01  1.12915643e+00  1.13909912e+02 
 2.55250000e+02 -9.93105467e-01 -9.94140625e-01 -9.94140625e-01  1.03515819e+00  1.04211044e+02 
 2.55500000e+02 -9.95153182e-01 -9.96093750e-01 -9.96093750e-01  9.40567517e-01  9.44931030e+01 
 2.55750000e+02 -9.97201500e-01 -9.98046875e-01 -9.98046875e-01  8.45375347e-01  8.47560883e+01 
 2.56000000e+02 -9.99250453e-01 -1.00000000e+00 -1.00000000e+00  7.49546656e-01  7.50000000e+01 
