 1.00000000e+00 -1.93930117e+01 
 1.04712855e+00 -1.93930117e+01 
 1.09647820e+00 -1.93930117e+01 
 1.14815362e+00 -1.93930117e+01 
 1.20226443e+00 -1.93930117e+01 
 1.25892541e+00 -1.93930117e+01 
 1.31825674e+00 -1.93930117e+01 
 1.38038426e+00 -1.93930117e+01 
 1.44543977e+00 -1.93930117e+01 
 1.51356125e+00 -1.93930117e+01 
 1.58489319e+00 -1.93930117e+01 
 1.65958691e+00 -1.93930117e+01 
 1.73780083e+00 -1.93930117e+01 
 1.81970086e+00 -1.93930117e+01 
 1.90546072e+00 -1.93930117e+01 
 1.99526231e+00 -1.93930117e+01 
 2.08929613e+00 -1.93930117e+01 
 2.18776162e+00 -1.93930117e+01 
 2.29086765e+00 -1.93930117e+01 
 2.39883292e+00 -1.93930117e+01 
 2.51188643e+00 -1.93930117e+01 
 2.63026799e+00 -1.93930117e+01 
 2.75422870e+00 -1.93930117e+01 
 2.88403150e+00 -1.93930117e+01 
 3.01995172e+00 -1.93930117e+01 
 3.16227766e+00 -1.93930117e+01 
 3.31131121e+00 -1.93930117e+01 
 3.46736850e+00 -1.93930117e+01 
 3.63078055e+00 -1.93930117e+01 
 3.80189396e+00 -1.93930117e+01 
 3.98107171e+00 -1.93930117e+01 
 4.16869383e+00 -1.93930117e+01 
 4.36515832e+00 -1.93930117e+01 
 4.57088190e+00 -1.93930117e+01 
 4.78630092e+00 -1.93930117e+01 
 5.01187234e+00 -1.93930117e+01 
 5.24807460e+00 -1.93930117e+01 
 5.49540874e+00 -1.93930117e+01 
 5.75439937e+00 -1.93930117e+01 
 6.02559586e+00 -1.93930117e+01 
 6.30957344e+00 -1.93930117e+01 
 6.60693448e+00 -1.93930117e+01 
 6.91830971e+00 -1.93930117e+01 
 7.24435960e+00 -1.93930117e+01 
 7.58577575e+00 -1.93930117e+01 
 7.94328235e+00 -1.93930117e+01 
 8.31763771e+00 -1.93930117e+01 
 8.70963590e+00 -1.93930117e+01 
 9.12010839e+00 -1.93930117e+01 
 9.54992586e+00 -1.93930117e+01 
 1.00000000e+01 -1.93930117e+01 
 1.04712855e+01 -1.93930117e+01 
 1.09647820e+01 -1.93930117e+01 
 1.14815362e+01 -1.93930117e+01 
 1.20226443e+01 -1.93930117e+01 
 1.25892541e+01 -1.93930117e+01 
 1.31825674e+01 -1.93930117e+01 
 1.38038426e+01 -1.93930117e+01 
 1.44543977e+01 -1.93930117e+01 
 1.51356125e+01 -1.93930117e+01 
 1.58489319e+01 -1.93930117e+01 
 1.65958691e+01 -1.93930117e+01 
 1.73780083e+01 -1.93930117e+01 
 1.81970086e+01 -1.93930117e+01 
 1.90546072e+01 -1.93930117e+01 
 1.99526231e+01 -1.93930117e+01 
 2.08929613e+01 -1.93930117e+01 
 2.18776162e+01 -1.93930117e+01 
 2.29086765e+01 -1.93930117e+01 
 2.39883292e+01 -1.93930117e+01 
 2.51188643e+01 -1.93930117e+01 
 2.63026799e+01 -1.93930117e+01 
 2.75422870e+01 -1.93930117e+01 
 2.88403150e+01 -1.93930117e+01 
 3.01995172e+01 -1.93930117e+01 
 3.16227766e+01 -1.93930117e+01 
 3.31131121e+01 -1.93930117e+01 
 3.46736850e+01 -1.93930117e+01 
 3.63078055e+01 -1.93930117e+01 
 3.80189396e+01 -1.93930117e+01 
 3.98107171e+01 -1.93930117e+01 
 4.16869383e+01 -1.93930117e+01 
 4.36515832e+01 -1.93930117e+01 
 4.57088190e+01 -1.93930117e+01 
 4.78630092e+01 -1.93930118e+01 
 5.01187234e+01 -1.93930118e+01 
 5.24807460e+01 -1.93930118e+01 
 5.49540874e+01 -1.93930118e+01 
 5.75439937e+01 -1.93930118e+01 
 6.02559586e+01 -1.93930118e+01 
 6.30957344e+01 -1.93930118e+01 
 6.60693448e+01 -1.93930118e+01 
 6.91830971e+01 -1.93930118e+01 
 7.24435960e+01 -1.93930118e+01 
 7.58577575e+01 -1.93930118e+01 
 7.94328235e+01 -1.93930118e+01 
 8.31763771e+01 -1.93930118e+01 
 8.70963590e+01 -1.93930118e+01 
 9.12010839e+01 -1.93930118e+01 
 9.54992586e+01 -1.93930118e+01 
 1.00000000e+02 -1.93930119e+01 
 1.04712855e+02 -1.93930119e+01 
 1.09647820e+02 -1.93930119e+01 
 1.14815362e+02 -1.93930119e+01 
 1.20226443e+02 -1.93930119e+01 
 1.25892541e+02 -1.93930119e+01 
 1.31825674e+02 -1.93930119e+01 
 1.38038426e+02 -1.93930120e+01 
 1.44543977e+02 -1.93930120e+01 
 1.51356125e+02 -1.93930120e+01 
 1.58489319e+02 -1.93930120e+01 
 1.65958691e+02 -1.93930121e+01 
 1.73780083e+02 -1.93930121e+01 
 1.81970086e+02 -1.93930121e+01 
 1.90546072e+02 -1.93930122e+01 
 1.99526231e+02 -1.93930122e+01 
 2.08929613e+02 -1.93930123e+01 
 2.18776162e+02 -1.93930123e+01 
 2.29086765e+02 -1.93930124e+01 
 2.39883292e+02 -1.93930125e+01 
 2.51188643e+02 -1.93930125e+01 
 2.63026799e+02 -1.93930126e+01 
 2.75422870e+02 -1.93930127e+01 
 2.88403150e+02 -1.93930128e+01 
 3.01995172e+02 -1.93930129e+01 
 3.16227766e+02 -1.93930130e+01 
 3.31131121e+02 -1.93930131e+01 
 3.46736850e+02 -1.93930133e+01 
 3.63078055e+02 -1.93930134e+01 
 3.80189396e+02 -1.93930136e+01 
 3.98107171e+02 -1.93930138e+01 
 4.16869383e+02 -1.93930140e+01 
 4.36515832e+02 -1.93930142e+01 
 4.57088190e+02 -1.93930144e+01 
 4.78630092e+02 -1.93930147e+01 
 5.01187234e+02 -1.93930149e+01 
 5.24807460e+02 -1.93930153e+01 
 5.49540874e+02 -1.93930156e+01 
 5.75439937e+02 -1.93930160e+01 
 6.02559586e+02 -1.93930164e+01 
 6.30957344e+02 -1.93930168e+01 
 6.60693448e+02 -1.93930173e+01 
 6.91830971e+02 -1.93930179e+01 
 7.24435960e+02 -1.93930185e+01 
 7.58577575e+02 -1.93930191e+01 
 7.94328235e+02 -1.93930198e+01 
 8.31763771e+02 -1.93930206e+01 
 8.70963590e+02 -1.93930214e+01 
 9.12010839e+02 -1.93930224e+01 
 9.54992586e+02 -1.93930234e+01 
 1.00000000e+03 -1.93930245e+01 
 1.04712855e+03 -1.93930258e+01 
 1.09647820e+03 -1.93930271e+01 
 1.14815362e+03 -1.93930286e+01 
 1.20226443e+03 -1.93930303e+01 
 1.25892541e+03 -1.93930320e+01 
 1.31825674e+03 -1.93930340e+01 
 1.38038426e+03 -1.93930362e+01 
 1.44543977e+03 -1.93930385e+01 
 1.51356125e+03 -1.93930411e+01 
 1.58489319e+03 -1.93930439e+01 
 1.65958691e+03 -1.93930470e+01 
 1.73780083e+03 -1.93930504e+01 
 1.81970086e+03 -1.93930542e+01 
 1.90546072e+03 -1.93930583e+01 
 1.99526231e+03 -1.93930628e+01 
 2.08929613e+03 -1.93930677e+01 
 2.18776162e+03 -1.93930731e+01 
 2.29086765e+03 -1.93930790e+01 
 2.39883292e+03 -1.93930855e+01 
 2.51188643e+03 -1.93930926e+01 
 2.63026799e+03 -1.93931004e+01 
 2.75422870e+03 -1.93931090e+01 
 2.88403150e+03 -1.93931184e+01 
 3.01995172e+03 -1.93931286e+01 
 3.16227766e+03 -1.93931399e+01 
 3.31131121e+03 -1.93931523e+01 
 3.46736850e+03 -1.93931659e+01 
 3.63078055e+03 -1.93931807e+01 
 3.80189396e+03 -1.93931970e+01 
 3.98107171e+03 -1.93932149e+01 
 4.16869383e+03 -1.93932345e+01 
 4.36515832e+03 -1.93932560e+01 
 4.57088190e+03 -1.93932796e+01 
 4.78630092e+03 -1.93933054e+01 
 5.01187234e+03 -1.93933337e+01 
 5.24807460e+03 -1.93933648e+01 
 5.49540874e+03 -1.93933989e+01 
 5.75439937e+03 -1.93934362e+01 
 6.02559586e+03 -1.93934772e+01 
 6.30957344e+03 -1.93935221e+01 
 6.60693448e+03 -1.93935713e+01 
 6.91830971e+03 -1.93936253e+01 
 7.24435960e+03 -1.93936845e+01 
 7.58577575e+03 -1.93937494e+01 
 7.94328235e+03 -1.93938205e+01 
 8.31763771e+03 -1.93938986e+01 
 8.70963590e+03 -1.93939841e+01 
 9.12010839e+03 -1.93940779e+01 
 9.54992586e+03 -1.93941808e+01 
 1.00000000e+04 -1.93942935e+01 
 1.04712855e+04 -1.93944172e+01 
 1.09647820e+04 -1.93945528e+01 
 1.14815362e+04 -1.93947014e+01 
 1.20226443e+04 -1.93948644e+01 
 1.25892541e+04 -1.93950431e+01 
 1.31825674e+04 -1.93952390e+01 
 1.38038426e+04 -1.93954538e+01 
 1.44543977e+04 -1.93956893e+01 
 1.51356125e+04 -1.93959476e+01 
 1.58489319e+04 -1.93962307e+01 
 1.65958691e+04 -1.93965411e+01 
 1.73780083e+04 -1.93968815e+01 
 1.81970086e+04 -1.93972546e+01 
 1.90546072e+04 -1.93976637e+01 
 1.99526231e+04 -1.93981122e+01 
 2.08929613e+04 -1.93986040e+01 
 2.18776162e+04 -1.93991431e+01 
 2.29086765e+04 -1.93997341e+01 
 2.39883292e+04 -1.94003820e+01 
 2.51188643e+04 -1.94010924e+01 
 2.63026799e+04 -1.94018711e+01 
 2.75422870e+04 -1.94027248e+01 
 2.88403150e+04 -1.94036606e+01 
 3.01995172e+04 -1.94046865e+01 
 3.16227766e+04 -1.94058110e+01 
 3.31131121e+04 -1.94070436e+01 
 3.46736850e+04 -1.94083947e+01 
 3.63078055e+04 -1.94098757e+01 
 3.80189396e+04 -1.94114988e+01 
 3.98107171e+04 -1.94132778e+01 
 4.16869383e+04 -1.94152275e+01 
 4.36515832e+04 -1.94173641e+01 
 4.57088190e+04 -1.94197056e+01 
 4.78630092e+04 -1.94222714e+01 
 5.01187234e+04 -1.94250827e+01 
 5.24807460e+04 -1.94281630e+01 
 5.49540874e+04 -1.94315377e+01 
 5.75439937e+04 -1.94352346e+01 
 6.02559586e+04 -1.94392841e+01 
 6.30957344e+04 -1.94437195e+01 
 6.60693448e+04 -1.94485771e+01 
 6.91830971e+04 -1.94538964e+01 
 7.24435960e+04 -1.94597205e+01 
 7.58577575e+04 -1.94660966e+01 
 7.94328235e+04 -1.94730758e+01 
 8.31763771e+04 -1.94807142e+01 
 8.70963590e+04 -1.94890722e+01 
 9.12010839e+04 -1.94982162e+01 
 9.54992586e+04 -1.95082177e+01 
 1.00000000e+05 -1.95191548e+01 
 1.04712855e+05 -1.95311119e+01 
 1.09647820e+05 -1.95441806e+01 
 1.14815362e+05 -1.95584600e+01 
 1.20226443e+05 -1.95740571e+01 
 1.25892541e+05 -1.95910875e+01 
 1.31825674e+05 -1.96096758e+01 
 1.38038426e+05 -1.96299560e+01 
 1.44543977e+05 -1.96520719e+01 
 1.51356125e+05 -1.96761780e+01 
 1.58489319e+05 -1.97024392e+01 
 1.65958691e+05 -1.97310315e+01 
 1.73780083e+05 -1.97621424e+01 
 1.81970086e+05 -1.97959708e+01 
 1.90546072e+05 -1.98327270e+01 
 1.99526231e+05 -1.98726331e+01 
 2.08929613e+05 -1.99159221e+01 
 2.18776162e+05 -1.99628379e+01 
 2.29086765e+05 -2.00136346e+01 
 2.39883292e+05 -2.00685756e+01 
 2.51188643e+05 -2.01279323e+01 
 2.63026799e+05 -2.01919831e+01 
 2.75422870e+05 -2.02610112e+01 
 2.88403150e+05 -2.03353030e+01 
 3.01995172e+05 -2.04151455e+01 
 3.16227766e+05 -2.05008240e+01 
 3.31131121e+05 -2.05926188e+01 
 3.46736850e+05 -2.06908026e+01 
 3.63078055e+05 -2.07956365e+01 
 3.80189396e+05 -2.09073672e+01 
 3.98107171e+05 -2.10262230e+01 
 4.16869383e+05 -2.11524107e+01 
 4.36515832e+05 -2.12861118e+01 
 4.57088190e+05 -2.14274798e+01 
 4.78630092e+05 -2.15766371e+01 
 5.01187234e+05 -2.17336732e+01 
 5.24807460e+05 -2.18986422e+01 
 5.49540874e+05 -2.20715629e+01 
 5.75439937e+05 -2.22524175e+01 
 6.02559586e+05 -2.24411532e+01 
 6.30957344e+05 -2.26376832e+01 
 6.60693448e+05 -2.28418894e+01 
 6.91830971e+05 -2.30536257e+01 
 7.24435960e+05 -2.32727227e+01 
 7.58577575e+05 -2.34989928e+01 
 7.94328235e+05 -2.37322361e+01 
 8.31763771e+05 -2.39722473e+01 
 8.70963590e+05 -2.42188228e+01 
 9.12010839e+05 -2.44717690e+01 
 9.54992586e+05 -2.47309099e+01 
 1.00000000e+06 -2.49960952e+01 
 1.04712855e+06 -2.52672091e+01 
 1.09647820e+06 -2.55441777e+01 
 1.14815362e+06 -2.58269766e+01 
 1.20226443e+06 -2.61156378e+01 
 1.25892541e+06 -2.64102553e+01 
 1.31825674e+06 -2.67109901e+01 
 1.38038426e+06 -2.70180735e+01 
 1.44543977e+06 -2.73318087e+01 
 1.51356125e+06 -2.76525705e+01 
 1.58489319e+06 -2.79808035e+01 
 1.65958691e+06 -2.83170171e+01 
 1.73780083e+06 -2.86617794e+01 
 1.81970086e+06 -2.90157081e+01 
 1.90546072e+06 -2.93794592e+01 
 1.99526231e+06 -2.97537140e+01 
 2.08929613e+06 -3.01391642e+01 
 2.18776162e+06 -3.05364963e+01 
 2.29086765e+06 -3.09463740e+01 
 2.39883292e+06 -3.13694224e+01 
 2.51188643e+06 -3.18062107e+01 
 2.63026799e+06 -3.22572378e+01 
 2.75422870e+06 -3.27229190e+01 
 2.88403150e+06 -3.32035751e+01 
 3.01995172e+06 -3.36994248e+01 
 3.16227766e+06 -3.42105802e+01 
 3.31131121e+06 -3.47370451e+01 
 3.46736850e+06 -3.52787171e+01 
 3.63078055e+06 -3.58353924e+01 
 3.80189396e+06 -3.64067728e+01 
 3.98107171e+06 -3.69924756e+01 
 4.16869383e+06 -3.75920439e+01 
 4.36515832e+06 -3.82049584e+01 
 4.57088190e+06 -3.88306496e+01 
 4.78630092e+06 -3.94685098e+01 
 5.01187234e+06 -4.01179040e+01 
 5.24807460e+06 -4.07781807e+01 
 5.49540874e+06 -4.14486813e+01 
 5.75439937e+06 -4.21287483e+01 
 6.02559586e+06 -4.28177319e+01 
 6.30957344e+06 -4.35149962e+01 
 6.60693448e+06 -4.42199235e+01 
 6.91830971e+06 -4.49319173e+01 
 7.24435960e+06 -4.56504054e+01 
 7.58577575e+06 -4.63748412e+01 
 7.94328235e+06 -4.71047042e+01 
 8.31763771e+06 -4.78395009e+01 
 8.70963590e+06 -4.85787643e+01 
 9.12010839e+06 -4.93220535e+01 
 9.54992586e+06 -5.00689526e+01 
 1.00000000e+07 -5.08190701e+01 
