 0.00000000e+00  2.03339297e-02 
 2.50000000e-03  2.03339297e-02 
 5.00000000e-03  2.03339297e-02 
 7.50000000e-03  2.03339297e-02 
 1.00000000e-02  2.03339297e-02 
 1.25000000e-02  2.03339297e-02 
 1.50000000e-02  2.03339297e-02 
 1.75000000e-02  2.03339297e-02 
 2.00000000e-02  2.03339297e-02 
 2.25000000e-02  2.03339297e-02 
 2.50000000e-02  2.03339297e-02 
 2.75000000e-02  2.03339297e-02 
 3.00000000e-02  2.03339297e-02 
 3.25000000e-02  2.03339297e-02 
 3.50000000e-02  2.03339297e-02 
 3.75000000e-02  2.03339297e-02 
 4.00000000e-02  2.03339297e-02 
 4.25000000e-02  2.03339297e-02 
 4.50000000e-02  2.03339297e-02 
 4.75000000e-02  2.03339297e-02 
 5.00000000e-02  2.03339297e-02 
 5.25000000e-02  2.03339297e-02 
 5.50000000e-02  2.03339297e-02 
 5.75000000e-02  2.03339297e-02 
 6.00000000e-02  2.03339297e-02 
 6.25000000e-02  2.03339297e-02 
 6.50000000e-02  2.03339297e-02 
 6.75000000e-02  2.03339297e-02 
 7.00000000e-02  2.03339297e-02 
 7.25000000e-02  2.03339297e-02 
 7.50000000e-02  2.03339297e-02 
 7.75000000e-02  2.03339297e-02 
 8.00000000e-02  2.03339297e-02 
 8.25000000e-02  2.03339297e-02 
 8.50000000e-02  2.03339297e-02 
 8.75000000e-02  2.03339297e-02 
 9.00000000e-02  2.03339297e-02 
 9.25000000e-02  2.03339297e-02 
 9.50000000e-02  2.03339297e-02 
 9.75000000e-02  2.03339297e-02 
 1.00000000e-01  2.03339297e-02 
 1.02500000e-01  2.03339297e-02 
 1.05000000e-01  2.03339297e-02 
 1.07500000e-01  2.03339297e-02 
 1.10000000e-01  2.03339297e-02 
 1.12500000e-01  2.03339297e-02 
 1.15000000e-01  2.03339297e-02 
 1.17500000e-01  2.03339297e-02 
 1.20000000e-01  2.03339297e-02 
 1.22500000e-01  2.03339297e-02 
 1.25000000e-01  2.03339297e-02 
 1.27500000e-01  2.03339297e-02 
 1.30000000e-01  2.03339297e-02 
 1.32500000e-01  2.03339297e-02 
 1.35000000e-01  2.03339297e-02 
 1.37500000e-01  2.03339297e-02 
 1.40000000e-01  2.03339297e-02 
 1.42500000e-01  2.03339297e-02 
 1.45000000e-01  2.03339297e-02 
 1.47500000e-01  2.03339297e-02 
 1.50000000e-01  2.03339297e-02 
 1.52500000e-01  2.03339297e-02 
 1.55000000e-01  2.03339297e-02 
 1.57500000e-01  2.03339297e-02 
 1.60000000e-01  2.03339297e-02 
 1.62500000e-01  2.03339297e-02 
 1.65000000e-01  2.03339297e-02 
 1.67500000e-01  2.03339297e-02 
 1.70000000e-01  2.03339297e-02 
 1.72500000e-01  2.03339297e-02 
 1.75000000e-01  2.03339297e-02 
 1.77500000e-01  2.03339297e-02 
 1.80000000e-01  2.03339297e-02 
 1.82500000e-01  2.03339297e-02 
 1.85000000e-01  2.03339297e-02 
 1.87500000e-01  2.03339297e-02 
 1.90000000e-01  2.03339297e-02 
 1.92500000e-01  2.03339297e-02 
 1.95000000e-01  2.03339297e-02 
 1.97500000e-01  2.03339297e-02 
 2.00000000e-01  2.03339297e-02 
 2.02500000e-01  2.03339297e-02 
 2.05000000e-01  2.03339297e-02 
 2.07500000e-01  2.03339297e-02 
 2.10000000e-01  2.03339297e-02 
 2.12500000e-01  2.03339297e-02 
 2.15000000e-01  2.03339297e-02 
 2.17500000e-01  2.03339297e-02 
 2.20000000e-01  2.03339297e-02 
 2.22500000e-01  2.03339297e-02 
 2.25000000e-01  2.03339297e-02 
 2.27500000e-01  2.03339297e-02 
 2.30000000e-01  2.03339297e-02 
 2.32500000e-01  2.03339297e-02 
 2.35000000e-01  2.03339297e-02 
 2.37500000e-01  2.03339297e-02 
 2.40000000e-01  2.03339297e-02 
 2.42500000e-01  2.03339297e-02 
 2.45000000e-01  2.03339297e-02 
 2.47500000e-01  2.03339297e-02 
 2.50000000e-01  2.03339297e-02 
 2.52500000e-01  2.03339297e-02 
 2.55000000e-01  2.03339297e-02 
 2.57500000e-01  2.03339297e-02 
 2.60000000e-01  2.03339297e-02 
 2.62500000e-01  2.03339297e-02 
 2.65000000e-01  2.03339297e-02 
 2.67500000e-01  2.03339297e-02 
 2.70000000e-01  2.03339297e-02 
 2.72500000e-01  2.03339297e-02 
 2.75000000e-01  2.03339297e-02 
 2.77500000e-01  2.03339297e-02 
 2.80000000e-01  2.03339297e-02 
 2.82500000e-01  2.03339297e-02 
 2.85000000e-01  2.03339297e-02 
 2.87500000e-01  2.03339297e-02 
 2.90000000e-01  2.03339297e-02 
 2.92500000e-01  2.03339297e-02 
 2.95000000e-01  2.03339297e-02 
 2.97500000e-01  2.03339297e-02 
 3.00000000e-01  2.03339297e-02 
 3.02500000e-01  2.03339297e-02 
 3.05000000e-01  2.03339297e-02 
 3.07500000e-01  2.03339297e-02 
 3.10000000e-01  2.03339297e-02 
 3.12500000e-01  2.03339297e-02 
 3.15000000e-01  2.03339297e-02 
 3.17500000e-01  2.03339297e-02 
 3.20000000e-01  2.03339297e-02 
 3.22500000e-01  2.03339297e-02 
 3.25000000e-01  2.03339297e-02 
 3.27500000e-01  2.03339297e-02 
 3.30000000e-01  2.03339297e-02 
 3.32500000e-01  2.03339297e-02 
 3.35000000e-01  2.03339297e-02 
 3.37500000e-01  2.03339297e-02 
 3.40000000e-01  2.03339297e-02 
 3.42500000e-01  2.03339297e-02 
 3.45000000e-01  2.03339297e-02 
 3.47500000e-01  2.03339297e-02 
 3.50000000e-01  2.03339297e-02 
 3.52500000e-01  2.03339297e-02 
 3.55000000e-01  2.03339297e-02 
 3.57500000e-01  2.03339297e-02 
 3.60000000e-01  2.03339297e-02 
 3.62500000e-01  2.03339297e-02 
 3.65000000e-01  2.03339297e-02 
 3.67500000e-01  2.03339297e-02 
 3.70000000e-01  2.03339297e-02 
 3.72500000e-01  2.03339297e-02 
 3.75000000e-01  2.03339297e-02 
 3.77500000e-01  2.03339297e-02 
 3.80000000e-01  2.03339297e-02 
 3.82500000e-01  2.03339297e-02 
 3.85000000e-01  2.03339297e-02 
 3.87500000e-01  2.03339297e-02 
 3.90000000e-01  2.03339297e-02 
 3.92500000e-01  2.03339297e-02 
 3.95000000e-01  2.03339297e-02 
 3.97500000e-01  2.03339297e-02 
 4.00000000e-01  2.03339297e-02 
 4.02500000e-01  2.03339297e-02 
 4.05000000e-01  2.03339297e-02 
 4.07500000e-01  2.03339297e-02 
 4.10000000e-01  2.03339297e-02 
 4.12500000e-01  2.03339297e-02 
 4.15000000e-01  2.03339297e-02 
 4.17500000e-01  2.03339297e-02 
 4.20000000e-01  2.03339297e-02 
 4.22500000e-01  2.03339297e-02 
 4.25000000e-01  2.03339297e-02 
 4.27500000e-01  2.03339297e-02 
 4.30000000e-01  2.03339297e-02 
 4.32500000e-01  2.03339297e-02 
 4.35000000e-01  2.03339297e-02 
 4.37500000e-01  2.03339297e-02 
 4.40000000e-01  2.03339297e-02 
 4.42500000e-01  2.03339297e-02 
 4.45000000e-01  2.03339297e-02 
 4.47500000e-01  2.03339297e-02 
 4.50000000e-01  2.03339297e-02 
 4.52500000e-01  2.03339297e-02 
 4.55000000e-01  2.03339297e-02 
 4.57500000e-01  2.03339297e-02 
 4.60000000e-01  2.03339297e-02 
 4.62500000e-01  2.03339297e-02 
 4.65000000e-01  2.03339297e-02 
 4.67500000e-01  2.03339297e-02 
 4.70000000e-01  2.03339297e-02 
 4.72500000e-01  2.03339297e-02 
 4.75000000e-01  2.03339297e-02 
 4.77500000e-01  2.03339297e-02 
 4.80000000e-01  2.03339297e-02 
 4.82500000e-01  2.03339297e-02 
 4.85000000e-01  2.03339297e-02 
 4.87500000e-01  2.03339297e-02 
 4.90000000e-01  2.03339297e-02 
 4.92500000e-01  2.03339297e-02 
 4.95000000e-01  2.03339297e-02 
 4.97500000e-01  2.03339297e-02 
 5.00000000e-01  2.03339297e-02 
 5.02500000e-01  2.03339297e-02 
 5.05000000e-01  2.03339297e-02 
 5.07500000e-01  2.03339297e-02 
 5.10000000e-01  2.03339297e-02 
 5.12500000e-01  2.03339297e-02 
 5.15000000e-01  2.03339297e-02 
 5.17500000e-01  2.03339297e-02 
 5.20000000e-01  2.03339297e-02 
 5.22500000e-01  2.03339297e-02 
 5.25000000e-01  2.03339297e-02 
 5.27500000e-01  2.03339297e-02 
 5.30000000e-01  2.03339297e-02 
 5.32500000e-01  2.03339297e-02 
 5.35000000e-01  2.03339297e-02 
 5.37500000e-01  2.03339297e-02 
 5.40000000e-01  2.03339297e-02 
 5.42500000e-01  2.03339297e-02 
 5.45000000e-01  2.03339297e-02 
 5.47500000e-01  2.03339297e-02 
 5.50000000e-01  2.03339297e-02 
 5.52500000e-01  2.03339297e-02 
 5.55000000e-01  2.03339297e-02 
 5.57500000e-01  2.03339297e-02 
 5.60000000e-01  2.03339297e-02 
 5.62500000e-01  2.03339297e-02 
 5.65000000e-01  2.03339297e-02 
 5.67500000e-01  2.03339297e-02 
 5.70000000e-01  2.03339297e-02 
 5.72500000e-01  2.03339297e-02 
 5.75000000e-01  2.03339297e-02 
 5.77500000e-01  2.03339297e-02 
 5.80000000e-01  2.03339297e-02 
 5.82500000e-01  2.03339297e-02 
 5.85000000e-01  2.03339297e-02 
 5.87500000e-01  2.03339297e-02 
 5.90000000e-01  2.03339297e-02 
 5.92500000e-01  2.03339297e-02 
 5.95000000e-01  2.03339297e-02 
 5.97500000e-01  2.03339297e-02 
 6.00000000e-01  2.03339297e-02 
 6.02500000e-01  2.03339297e-02 
 6.05000000e-01  2.03339297e-02 
 6.07500000e-01  2.03339297e-02 
 6.10000000e-01  2.03339297e-02 
 6.12500000e-01  2.03339297e-02 
 6.15000000e-01  2.03339297e-02 
 6.17500000e-01  2.03339297e-02 
 6.20000000e-01  2.03339297e-02 
 6.22500000e-01  2.03339297e-02 
 6.25000000e-01  2.03339297e-02 
 6.27500000e-01  2.03339297e-02 
 6.30000000e-01  2.03339297e-02 
 6.32500000e-01  2.03339297e-02 
 6.35000000e-01  2.03339297e-02 
 6.37500000e-01  2.03339297e-02 
 6.40000000e-01  2.03339297e-02 
 6.42500000e-01  2.03339297e-02 
 6.45000000e-01  2.03339297e-02 
 6.47500000e-01  2.03339297e-02 
 6.50000000e-01  2.03339297e-02 
 6.52500000e-01  2.03339297e-02 
 6.55000000e-01  2.03339297e-02 
 6.57500000e-01  2.03339297e-02 
 6.60000000e-01  2.03339297e-02 
 6.62500000e-01  2.03339297e-02 
 6.65000000e-01  2.03339297e-02 
 6.67500000e-01  2.03339297e-02 
 6.70000000e-01  2.03339297e-02 
 6.72500000e-01  2.03339297e-02 
 6.75000000e-01  2.03339297e-02 
 6.77500000e-01  2.03339297e-02 
 6.80000000e-01  2.03339297e-02 
 6.82500000e-01  2.03339297e-02 
 6.85000000e-01  2.03339297e-02 
 6.87500000e-01  2.03339297e-02 
 6.90000000e-01  2.03339297e-02 
 6.92500000e-01  2.03339297e-02 
 6.95000000e-01  2.03339297e-02 
 6.97500000e-01  2.03339297e-02 
 7.00000000e-01  2.03339297e-02 
 7.02500000e-01  2.03339297e-02 
 7.05000000e-01  2.03339297e-02 
 7.07500000e-01  2.03339297e-02 
 7.10000000e-01  2.03339297e-02 
 7.12500000e-01  2.03339297e-02 
 7.15000000e-01  2.03339297e-02 
 7.17500000e-01  2.03339297e-02 
 7.20000000e-01  2.03339297e-02 
 7.22500000e-01  2.03339297e-02 
 7.25000000e-01  2.03339297e-02 
 7.27500000e-01  2.03339297e-02 
 7.30000000e-01  2.03339297e-02 
 7.32500000e-01  2.03339297e-02 
 7.35000000e-01  2.03339297e-02 
 7.37500000e-01  2.03339297e-02 
 7.40000000e-01  2.03339297e-02 
 7.42500000e-01  2.03339297e-02 
 7.45000000e-01  2.03339297e-02 
 7.47500000e-01  2.03339297e-02 
 7.50000000e-01  2.03339297e-02 
 7.52500000e-01  2.03339297e-02 
 7.55000000e-01  2.03339297e-02 
 7.57500000e-01  2.03339297e-02 
 7.60000000e-01  2.03339297e-02 
 7.62500000e-01  2.03339297e-02 
 7.65000000e-01  2.03339297e-02 
 7.67500000e-01  2.03339297e-02 
 7.70000000e-01  2.03339297e-02 
 7.72500000e-01  2.03339297e-02 
 7.75000000e-01  2.03339297e-02 
 7.77500000e-01  2.03339297e-02 
 7.80000000e-01  2.03339297e-02 
 7.82500000e-01  2.03339297e-02 
 7.85000000e-01  2.03339297e-02 
 7.87500000e-01  2.03339297e-02 
 7.90000000e-01  2.03339297e-02 
 7.92500000e-01  2.03339297e-02 
 7.95000000e-01  2.03339297e-02 
 7.97500000e-01  2.03339297e-02 
 8.00000000e-01  3.29999995e+00 
 8.02500000e-01  3.29999995e+00 
 8.05000000e-01  3.29999995e+00 
 8.07500000e-01  3.29999995e+00 
 8.10000000e-01  3.29999995e+00 
 8.12500000e-01  3.29999995e+00 
 8.15000000e-01  3.29999995e+00 
 8.17500000e-01  3.29999995e+00 
 8.20000000e-01  3.29999995e+00 
 8.22500000e-01  3.29999995e+00 
 8.25000000e-01  3.29999995e+00 
 8.27500000e-01  3.29999995e+00 
 8.30000000e-01  3.29999995e+00 
 8.32500000e-01  3.29999995e+00 
 8.35000000e-01  3.29999995e+00 
 8.37500000e-01  3.29999995e+00 
 8.40000000e-01  3.29999995e+00 
 8.42500000e-01  3.29999995e+00 
 8.45000000e-01  3.29999995e+00 
 8.47500000e-01  3.29999995e+00 
 8.50000000e-01  3.29999995e+00 
 8.52500000e-01  3.29999995e+00 
 8.55000000e-01  3.29999995e+00 
 8.57500000e-01  3.29999995e+00 
 8.60000000e-01  3.29999995e+00 
 8.62500000e-01  3.29999995e+00 
 8.65000000e-01  3.29999995e+00 
 8.67500000e-01  3.29999995e+00 
 8.70000000e-01  3.29999995e+00 
 8.72500000e-01  3.29999995e+00 
 8.75000000e-01  3.29999995e+00 
 8.77500000e-01  3.29999995e+00 
 8.80000000e-01  3.29999995e+00 
 8.82500000e-01  3.29999995e+00 
 8.85000000e-01  3.29999995e+00 
 8.87500000e-01  3.29999995e+00 
 8.90000000e-01  3.29999995e+00 
 8.92500000e-01  3.29999995e+00 
 8.95000000e-01  3.29999995e+00 
 8.97500000e-01  3.29999995e+00 
 9.00000000e-01  3.29999995e+00 
 9.02500000e-01  3.29999995e+00 
 9.05000000e-01  3.29999995e+00 
 9.07500000e-01  3.29999995e+00 
 9.10000000e-01  3.29999995e+00 
 9.12500000e-01  3.29999995e+00 
 9.15000000e-01  3.29999995e+00 
 9.17500000e-01  3.29999995e+00 
 9.20000000e-01  3.29999995e+00 
 9.22500000e-01  3.29999995e+00 
 9.25000000e-01  3.29999995e+00 
 9.27500000e-01  3.29999995e+00 
 9.30000000e-01  3.29999995e+00 
 9.32500000e-01  3.29999995e+00 
 9.35000000e-01  3.29999995e+00 
 9.37500000e-01  3.29999995e+00 
 9.40000000e-01  3.29999995e+00 
 9.42500000e-01  3.29999995e+00 
 9.45000000e-01  3.29999995e+00 
 9.47500000e-01  3.29999995e+00 
 9.50000000e-01  3.29999995e+00 
 9.52500000e-01  3.29999995e+00 
 9.55000000e-01  3.29999995e+00 
 9.57500000e-01  3.29999995e+00 
 9.60000000e-01  3.29999995e+00 
 9.62500000e-01  3.29999995e+00 
 9.65000000e-01  3.29999995e+00 
 9.67500000e-01  3.29999995e+00 
 9.70000000e-01  3.29999995e+00 
 9.72500000e-01  3.29999995e+00 
 9.75000000e-01  3.29999995e+00 
 9.77500000e-01  3.29999995e+00 
 9.80000000e-01  3.29999995e+00 
 9.82500000e-01  3.29999995e+00 
 9.85000000e-01  3.29999995e+00 
 9.87500000e-01  3.29999995e+00 
 9.90000000e-01  3.29999995e+00 
 9.92500000e-01  3.29999995e+00 
 9.95000000e-01  3.29999995e+00 
 9.97500000e-01  3.29999995e+00 
 1.00000000e+00  3.29999995e+00 
 1.00250000e+00  3.29999995e+00 
 1.00500000e+00  3.29999995e+00 
 1.00750000e+00  3.29999995e+00 
 1.01000000e+00  3.29999995e+00 
 1.01250000e+00  3.29999995e+00 
 1.01500000e+00  3.29999995e+00 
 1.01750000e+00  3.29999995e+00 
 1.02000000e+00  3.29999995e+00 
 1.02250000e+00  3.29999995e+00 
 1.02500000e+00  3.29999995e+00 
 1.02750000e+00  3.29999995e+00 
 1.03000000e+00  3.29999995e+00 
 1.03250000e+00  3.29999995e+00 
 1.03500000e+00  3.29999995e+00 
 1.03750000e+00  3.29999995e+00 
 1.04000000e+00  3.29999995e+00 
 1.04250000e+00  3.29999995e+00 
 1.04500000e+00  3.29999995e+00 
 1.04750000e+00  3.29999995e+00 
 1.05000000e+00  3.29999995e+00 
 1.05250000e+00  3.29999995e+00 
 1.05500000e+00  3.29999995e+00 
 1.05750000e+00  3.29999995e+00 
 1.06000000e+00  3.29999995e+00 
 1.06250000e+00  3.29999995e+00 
 1.06500000e+00  3.29999995e+00 
 1.06750000e+00  3.29999995e+00 
 1.07000000e+00  3.29999995e+00 
 1.07250000e+00  3.29999995e+00 
 1.07500000e+00  3.29999995e+00 
 1.07750000e+00  3.29999995e+00 
 1.08000000e+00  3.29999995e+00 
 1.08250000e+00  3.29999995e+00 
 1.08500000e+00  3.29999995e+00 
 1.08750000e+00  3.29999995e+00 
 1.09000000e+00  3.29999995e+00 
 1.09250000e+00  3.29999995e+00 
 1.09500000e+00  3.29999995e+00 
 1.09750000e+00  3.29999995e+00 
 1.10000000e+00  3.29999995e+00 
 1.10250000e+00  3.29999995e+00 
 1.10500000e+00  3.29999995e+00 
 1.10750000e+00  3.29999995e+00 
 1.11000000e+00  3.29999995e+00 
 1.11250000e+00  3.29999995e+00 
 1.11500000e+00  3.29999995e+00 
 1.11750000e+00  3.29999995e+00 
 1.12000000e+00  3.29999995e+00 
 1.12250000e+00  3.29999995e+00 
 1.12500000e+00  3.29999995e+00 
 1.12750000e+00  3.29999995e+00 
 1.13000000e+00  3.29999995e+00 
 1.13250000e+00  3.29999995e+00 
 1.13500000e+00  3.29999995e+00 
 1.13750000e+00  3.29999995e+00 
 1.14000000e+00  3.29999995e+00 
 1.14250000e+00  3.29999995e+00 
 1.14500000e+00  3.29999995e+00 
 1.14750000e+00  3.29999995e+00 
 1.15000000e+00  3.29999995e+00 
 1.15250000e+00  3.29999995e+00 
 1.15500000e+00  3.29999995e+00 
 1.15750000e+00  3.29999995e+00 
 1.16000000e+00  3.29999995e+00 
 1.16250000e+00  3.29999995e+00 
 1.16500000e+00  3.29999995e+00 
 1.16750000e+00  3.29999995e+00 
 1.17000000e+00  3.29999995e+00 
 1.17250000e+00  3.29999995e+00 
 1.17500000e+00  3.29999995e+00 
 1.17750000e+00  3.29999995e+00 
 1.18000000e+00  3.29999995e+00 
 1.18250000e+00  3.29999995e+00 
 1.18500000e+00  3.29999995e+00 
 1.18750000e+00  3.29999995e+00 
 1.19000000e+00  3.29999995e+00 
 1.19250000e+00  3.29999995e+00 
 1.19500000e+00  3.29999995e+00 
 1.19750000e+00  3.29999995e+00 
 1.20000000e+00  3.29999995e+00 
 1.20250000e+00  3.29999995e+00 
 1.20500000e+00  3.29999995e+00 
 1.20750000e+00  3.29999995e+00 
 1.21000000e+00  3.29999995e+00 
 1.21250000e+00  3.29999995e+00 
 1.21500000e+00  3.29999995e+00 
 1.21750000e+00  3.29999995e+00 
 1.22000000e+00  3.29999995e+00 
 1.22250000e+00  3.29999995e+00 
 1.22500000e+00  3.29999995e+00 
 1.22750000e+00  3.29999995e+00 
 1.23000000e+00  3.29999995e+00 
 1.23250000e+00  3.29999995e+00 
 1.23500000e+00  3.29999995e+00 
 1.23750000e+00  3.29999995e+00 
 1.24000000e+00  3.29999995e+00 
 1.24250000e+00  3.29999995e+00 
 1.24500000e+00  3.29999995e+00 
 1.24750000e+00  3.29999995e+00 
 1.25000000e+00  3.29999995e+00 
 1.25250000e+00  3.29999995e+00 
 1.25500000e+00  3.29999995e+00 
 1.25750000e+00  3.29999995e+00 
 1.26000000e+00  3.29999995e+00 
 1.26250000e+00  3.29999995e+00 
 1.26500000e+00  3.29999995e+00 
 1.26750000e+00  3.29999995e+00 
 1.27000000e+00  3.29999995e+00 
 1.27250000e+00  3.29999995e+00 
 1.27500000e+00  3.29999995e+00 
 1.27750000e+00  3.29999995e+00 
 1.28000000e+00  3.29999995e+00 
 1.28250000e+00  3.29999995e+00 
 1.28500000e+00  3.29999995e+00 
 1.28750000e+00  3.29999995e+00 
 1.29000000e+00  3.29999995e+00 
 1.29250000e+00  3.29999995e+00 
 1.29500000e+00  3.29999995e+00 
 1.29750000e+00  3.29999995e+00 
 1.30000000e+00  3.29999995e+00 
 1.30250000e+00  1.65016498e+00 
 1.30500000e+00  1.65016498e+00 
 1.30750000e+00  1.65016498e+00 
 1.31000000e+00  1.65016498e+00 
 1.31250000e+00  1.65016498e+00 
 1.31500000e+00  1.65016498e+00 
 1.31750000e+00  1.65016498e+00 
 1.32000000e+00  1.65016498e+00 
 1.32250000e+00  1.65016498e+00 
 1.32500000e+00  1.65016498e+00 
 1.32750000e+00  1.65016498e+00 
 1.33000000e+00  1.65016498e+00 
 1.33250000e+00  1.65016498e+00 
 1.33500000e+00  1.65016498e+00 
 1.33750000e+00  1.65016498e+00 
 1.34000000e+00  1.65016498e+00 
 1.34250000e+00  1.65016498e+00 
 1.34500000e+00  1.65016498e+00 
 1.34750000e+00  1.65016498e+00 
 1.35000000e+00  1.65016498e+00 
 1.35250000e+00  1.65016498e+00 
 1.35500000e+00  1.65016498e+00 
 1.35750000e+00  1.65016498e+00 
 1.36000000e+00  1.65016498e+00 
 1.36250000e+00  1.65016498e+00 
 1.36500000e+00  1.65016498e+00 
 1.36750000e+00  1.65016498e+00 
 1.37000000e+00  1.65016498e+00 
 1.37250000e+00  1.65016498e+00 
 1.37500000e+00  1.65016498e+00 
 1.37750000e+00  1.65016498e+00 
 1.38000000e+00  1.65016498e+00 
 1.38250000e+00  1.65016498e+00 
 1.38500000e+00  1.65016498e+00 
 1.38750000e+00  1.65016498e+00 
 1.39000000e+00  1.65016498e+00 
 1.39250000e+00  1.65016498e+00 
 1.39500000e+00  1.65016498e+00 
 1.39750000e+00  1.65016498e+00 
 1.40000000e+00  1.65016498e+00 
 1.40250000e+00  1.65016498e+00 
 1.40500000e+00  1.65016498e+00 
 1.40750000e+00  1.65016498e+00 
 1.41000000e+00  1.65016498e+00 
 1.41250000e+00  1.65016498e+00 
 1.41500000e+00  1.65016498e+00 
 1.41750000e+00  1.65016498e+00 
 1.42000000e+00  1.65016498e+00 
 1.42250000e+00  1.65016498e+00 
 1.42500000e+00  1.65016498e+00 
 1.42750000e+00  1.65016498e+00 
 1.43000000e+00  1.65016498e+00 
 1.43250000e+00  1.65016498e+00 
 1.43500000e+00  1.65016498e+00 
 1.43750000e+00  1.65016498e+00 
 1.44000000e+00  1.65016498e+00 
 1.44250000e+00  1.65016498e+00 
 1.44500000e+00  1.65016498e+00 
 1.44750000e+00  1.65016498e+00 
 1.45000000e+00  1.65016498e+00 
 1.45250000e+00  1.65016498e+00 
 1.45500000e+00  1.65016498e+00 
 1.45750000e+00  1.65016498e+00 
 1.46000000e+00  1.65016498e+00 
 1.46250000e+00  1.65016498e+00 
 1.46500000e+00  1.65016498e+00 
 1.46750000e+00  1.65016498e+00 
 1.47000000e+00  1.65016498e+00 
 1.47250000e+00  1.65016498e+00 
 1.47500000e+00  1.65016498e+00 
 1.47750000e+00  1.65016498e+00 
 1.48000000e+00  1.65016498e+00 
 1.48250000e+00  1.65016498e+00 
 1.48500000e+00  1.65016498e+00 
 1.48750000e+00  1.65016498e+00 
 1.49000000e+00  1.65016498e+00 
 1.49250000e+00  1.65016498e+00 
 1.49500000e+00  1.65016498e+00 
 1.49750000e+00  1.65016498e+00 
 1.50000000e+00  1.65016498e+00 
 1.50250000e+00  1.65016498e+00 
 1.50500000e+00  1.65016498e+00 
 1.50750000e+00  1.65016498e+00 
 1.51000000e+00  1.65016498e+00 
 1.51250000e+00  1.65016498e+00 
 1.51500000e+00  1.65016498e+00 
 1.51750000e+00  1.65016498e+00 
 1.52000000e+00  1.65016498e+00 
 1.52250000e+00  1.65016498e+00 
 1.52500000e+00  1.65016498e+00 
 1.52750000e+00  1.65016498e+00 
 1.53000000e+00  1.65016498e+00 
 1.53250000e+00  1.65016498e+00 
 1.53500000e+00  1.65016498e+00 
 1.53750000e+00  1.65016498e+00 
 1.54000000e+00  1.65016498e+00 
 1.54250000e+00  1.65016498e+00 
 1.54500000e+00  1.65016498e+00 
 1.54750000e+00  1.65016498e+00 
 1.55000000e+00  1.65016498e+00 
 1.55250000e+00  1.65016498e+00 
 1.55500000e+00  1.65016498e+00 
 1.55750000e+00  1.65016498e+00 
 1.56000000e+00  1.65016498e+00 
 1.56250000e+00  1.65016498e+00 
 1.56500000e+00  1.65016498e+00 
 1.56750000e+00  1.65016498e+00 
 1.57000000e+00  1.65016498e+00 
 1.57250000e+00  1.65016498e+00 
 1.57500000e+00  1.65016498e+00 
 1.57750000e+00  1.65016498e+00 
 1.58000000e+00  1.65016498e+00 
 1.58250000e+00  1.65016498e+00 
 1.58500000e+00  1.65016498e+00 
 1.58750000e+00  1.65016498e+00 
 1.59000000e+00  1.65016498e+00 
 1.59250000e+00  1.65016498e+00 
 1.59500000e+00  1.65016498e+00 
 1.59750000e+00  1.65016498e+00 
 1.60000000e+00  1.65016498e+00 
 1.60250000e+00  1.65016498e+00 
 1.60500000e+00  1.65016498e+00 
 1.60750000e+00  1.65016498e+00 
 1.61000000e+00  1.65016498e+00 
 1.61250000e+00  1.65016498e+00 
 1.61500000e+00  1.65016498e+00 
 1.61750000e+00  1.65016498e+00 
 1.62000000e+00  1.65016498e+00 
 1.62250000e+00  1.65016498e+00 
 1.62500000e+00  1.65016498e+00 
 1.62750000e+00  1.65016498e+00 
 1.63000000e+00  1.65016498e+00 
 1.63250000e+00  1.65016498e+00 
 1.63500000e+00  1.65016498e+00 
 1.63750000e+00  1.65016498e+00 
 1.64000000e+00  1.65016498e+00 
 1.64250000e+00  1.65016498e+00 
 1.64500000e+00  1.65016498e+00 
 1.64750000e+00  1.65016498e+00 
 1.65000000e+00  1.65016498e+00 
 1.65250000e+00  1.65016498e+00 
 1.65500000e+00  1.65016498e+00 
 1.65750000e+00  1.65016498e+00 
 1.66000000e+00  1.65016498e+00 
 1.66250000e+00  1.65016498e+00 
 1.66500000e+00  1.65016498e+00 
 1.66750000e+00  1.65016498e+00 
 1.67000000e+00  1.65016498e+00 
 1.67250000e+00  1.65016498e+00 
 1.67500000e+00  1.65016498e+00 
 1.67750000e+00  1.65016498e+00 
 1.68000000e+00  1.65016498e+00 
 1.68250000e+00  1.65016498e+00 
 1.68500000e+00  1.65016498e+00 
 1.68750000e+00  1.65016498e+00 
 1.69000000e+00  1.65016498e+00 
 1.69250000e+00  1.65016498e+00 
 1.69500000e+00  1.65016498e+00 
 1.69750000e+00  1.65016498e+00 
 1.70000000e+00  1.65016498e+00 
 1.70250000e+00  1.65016498e+00 
 1.70500000e+00  1.65016498e+00 
 1.70750000e+00  1.65016498e+00 
 1.71000000e+00  1.65016498e+00 
 1.71250000e+00  1.65016498e+00 
 1.71500000e+00  1.65016498e+00 
 1.71750000e+00  1.65016498e+00 
 1.72000000e+00  1.65016498e+00 
 1.72250000e+00  1.65016498e+00 
 1.72500000e+00  1.65016498e+00 
 1.72750000e+00  1.65016498e+00 
 1.73000000e+00  1.65016498e+00 
 1.73250000e+00  1.65016498e+00 
 1.73500000e+00  1.65016498e+00 
 1.73750000e+00  1.65016498e+00 
 1.74000000e+00  1.65016498e+00 
 1.74250000e+00  1.65016498e+00 
 1.74500000e+00  1.65016498e+00 
 1.74750000e+00  1.65016498e+00 
 1.75000000e+00  1.65016498e+00 
 1.75250000e+00  1.65016498e+00 
 1.75500000e+00  1.65016498e+00 
 1.75750000e+00  1.65016498e+00 
 1.76000000e+00  1.65016498e+00 
 1.76250000e+00  1.65016498e+00 
 1.76500000e+00  1.65016498e+00 
 1.76750000e+00  1.65016498e+00 
 1.77000000e+00  1.65016498e+00 
 1.77250000e+00  1.65016498e+00 
 1.77500000e+00  1.65016498e+00 
 1.77750000e+00  1.65016498e+00 
 1.78000000e+00  1.65016498e+00 
 1.78250000e+00  1.65016498e+00 
 1.78500000e+00  1.65016498e+00 
 1.78750000e+00  1.65016498e+00 
 1.79000000e+00  1.65016498e+00 
 1.79250000e+00  1.65016498e+00 
 1.79500000e+00  1.65016498e+00 
 1.79750000e+00  1.65016498e+00 
 1.80000000e+00  1.65016498e+00 
 1.80250000e+00  1.65016498e+00 
 1.80500000e+00  1.65016498e+00 
 1.80750000e+00  1.65016498e+00 
 1.81000000e+00  1.65016498e+00 
 1.81250000e+00  1.65016498e+00 
 1.81500000e+00  1.65016498e+00 
 1.81750000e+00  1.65016498e+00 
 1.82000000e+00  1.65016498e+00 
 1.82250000e+00  1.65016498e+00 
 1.82500000e+00  1.65016498e+00 
 1.82750000e+00  1.65016498e+00 
 1.83000000e+00  1.65016498e+00 
 1.83250000e+00  1.65016498e+00 
 1.83500000e+00  1.65016498e+00 
 1.83750000e+00  1.65016498e+00 
 1.84000000e+00  1.65016498e+00 
 1.84250000e+00  1.65016498e+00 
 1.84500000e+00  1.65016498e+00 
 1.84750000e+00  1.65016498e+00 
 1.85000000e+00  1.65016498e+00 
 1.85250000e+00  1.65016498e+00 
 1.85500000e+00  1.65016498e+00 
 1.85750000e+00  1.65016498e+00 
 1.86000000e+00  1.65016498e+00 
 1.86250000e+00  1.65016498e+00 
 1.86500000e+00  1.65016498e+00 
 1.86750000e+00  1.65016498e+00 
 1.87000000e+00  1.65016498e+00 
 1.87250000e+00  1.65016498e+00 
 1.87500000e+00  1.65016498e+00 
 1.87750000e+00  1.65016498e+00 
 1.88000000e+00  1.65016498e+00 
 1.88250000e+00  1.65016498e+00 
 1.88500000e+00  1.65016498e+00 
 1.88750000e+00  1.65016498e+00 
 1.89000000e+00  1.65016498e+00 
 1.89250000e+00  1.65016498e+00 
 1.89500000e+00  1.65016498e+00 
 1.89750000e+00  1.65016498e+00 
 1.90000000e+00  1.65016498e+00 
 1.90250000e+00  1.65016498e+00 
 1.90500000e+00  1.65016498e+00 
 1.90750000e+00  1.65016498e+00 
 1.91000000e+00  1.65016498e+00 
 1.91250000e+00  1.65016498e+00 
 1.91500000e+00  1.65016498e+00 
 1.91750000e+00  1.65016498e+00 
 1.92000000e+00  1.65016498e+00 
 1.92250000e+00  1.65016498e+00 
 1.92500000e+00  1.65016498e+00 
 1.92750000e+00  1.65016498e+00 
 1.93000000e+00  1.65016498e+00 
 1.93250000e+00  1.65016498e+00 
 1.93500000e+00  1.65016498e+00 
 1.93750000e+00  1.65016498e+00 
 1.94000000e+00  1.65016498e+00 
 1.94250000e+00  1.65016498e+00 
 1.94500000e+00  1.65016498e+00 
 1.94750000e+00  1.65016498e+00 
 1.95000000e+00  1.65016498e+00 
 1.95250000e+00  1.65016498e+00 
 1.95500000e+00  1.65016498e+00 
 1.95750000e+00  1.65016498e+00 
 1.96000000e+00  1.65016498e+00 
 1.96250000e+00  1.65016498e+00 
 1.96500000e+00  1.65016498e+00 
 1.96750000e+00  1.65016498e+00 
 1.97000000e+00  1.65016498e+00 
 1.97250000e+00  1.65016498e+00 
 1.97500000e+00  1.65016498e+00 
 1.97750000e+00  1.65016498e+00 
 1.98000000e+00  1.65016498e+00 
 1.98250000e+00  1.65016498e+00 
 1.98500000e+00  1.65016498e+00 
 1.98750000e+00  1.65016498e+00 
 1.99000000e+00  1.65016498e+00 
 1.99250000e+00  1.65016498e+00 
 1.99500000e+00  1.65016498e+00 
 1.99750000e+00  1.65016498e+00 
 2.00000000e+00  1.65016498e+00 
 2.00250000e+00  1.65016498e+00 
 2.00500000e+00  1.65016498e+00 
 2.00750000e+00  1.65016498e+00 
 2.01000000e+00  1.65016498e+00 
 2.01250000e+00  1.65016498e+00 
 2.01500000e+00  1.65016498e+00 
 2.01750000e+00  1.65016498e+00 
 2.02000000e+00  1.65016498e+00 
 2.02250000e+00  1.65016498e+00 
 2.02500000e+00  1.65016498e+00 
 2.02750000e+00  1.65016498e+00 
 2.03000000e+00  1.65016498e+00 
 2.03250000e+00  1.65016498e+00 
 2.03500000e+00  1.65016498e+00 
 2.03750000e+00  1.65016498e+00 
 2.04000000e+00  1.65016498e+00 
 2.04250000e+00  1.65016498e+00 
 2.04500000e+00  1.65016498e+00 
 2.04750000e+00  1.65016498e+00 
 2.05000000e+00  1.65016498e+00 
 2.05250000e+00  1.65016498e+00 
 2.05500000e+00  1.65016498e+00 
 2.05750000e+00  1.65016498e+00 
 2.06000000e+00  1.65016498e+00 
 2.06250000e+00  1.65016498e+00 
 2.06500000e+00  1.65016498e+00 
 2.06750000e+00  1.65016498e+00 
 2.07000000e+00  1.65016498e+00 
 2.07250000e+00  1.65016498e+00 
 2.07500000e+00  1.65016498e+00 
 2.07750000e+00  1.65016498e+00 
 2.08000000e+00  1.65016498e+00 
 2.08250000e+00  1.65016498e+00 
 2.08500000e+00  1.65016498e+00 
 2.08750000e+00  1.65016498e+00 
 2.09000000e+00  1.65016498e+00 
 2.09250000e+00  1.65016498e+00 
 2.09500000e+00  1.65016498e+00 
 2.09750000e+00  1.65016498e+00 
 2.10000000e+00  1.65016498e+00 
 2.10250000e+00  1.65016498e+00 
 2.10500000e+00  1.65016498e+00 
 2.10750000e+00  1.65016498e+00 
 2.11000000e+00  1.65016498e+00 
 2.11250000e+00  1.65016498e+00 
 2.11500000e+00  1.65016498e+00 
 2.11750000e+00  1.65016498e+00 
 2.12000000e+00  1.65016498e+00 
 2.12250000e+00  1.65016498e+00 
 2.12500000e+00  1.65016498e+00 
 2.12750000e+00  1.65016498e+00 
 2.13000000e+00  1.65016498e+00 
 2.13250000e+00  1.65016498e+00 
 2.13500000e+00  1.65016498e+00 
 2.13750000e+00  1.65016498e+00 
 2.14000000e+00  1.65016498e+00 
 2.14250000e+00  1.65016498e+00 
 2.14500000e+00  1.65016498e+00 
 2.14750000e+00  1.65016498e+00 
 2.15000000e+00  1.65016498e+00 
 2.15250000e+00  1.65016498e+00 
 2.15500000e+00  1.65016498e+00 
 2.15750000e+00  1.65016498e+00 
 2.16000000e+00  1.65016498e+00 
 2.16250000e+00  1.65016498e+00 
 2.16500000e+00  1.65016498e+00 
 2.16750000e+00  1.65016498e+00 
 2.17000000e+00  1.65016498e+00 
 2.17250000e+00  1.65016498e+00 
 2.17500000e+00  1.65016498e+00 
 2.17750000e+00  1.65016498e+00 
 2.18000000e+00  1.65016498e+00 
 2.18250000e+00  1.65016498e+00 
 2.18500000e+00  1.65016498e+00 
 2.18750000e+00  1.65016498e+00 
 2.19000000e+00  1.65016498e+00 
 2.19250000e+00  1.65016498e+00 
 2.19500000e+00  1.65016498e+00 
 2.19750000e+00  1.65016498e+00 
 2.20000000e+00  1.65016498e+00 
 2.20250000e+00  1.65016498e+00 
 2.20500000e+00  1.65016498e+00 
 2.20750000e+00  1.65016498e+00 
 2.21000000e+00  1.65016498e+00 
 2.21250000e+00  1.65016498e+00 
 2.21500000e+00  1.65016498e+00 
 2.21750000e+00  1.65016498e+00 
 2.22000000e+00  1.65016498e+00 
 2.22250000e+00  1.65016498e+00 
 2.22500000e+00  1.65016498e+00 
 2.22750000e+00  1.65016498e+00 
 2.23000000e+00  1.65016498e+00 
 2.23250000e+00  1.65016498e+00 
 2.23500000e+00  1.65016498e+00 
 2.23750000e+00  1.65016498e+00 
 2.24000000e+00  1.65016498e+00 
 2.24250000e+00  1.65016498e+00 
 2.24500000e+00  1.65016498e+00 
 2.24750000e+00  1.65016498e+00 
 2.25000000e+00  1.65016498e+00 
 2.25250000e+00  1.65016498e+00 
 2.25500000e+00  1.65016498e+00 
 2.25750000e+00  1.65016498e+00 
 2.26000000e+00  1.65016498e+00 
 2.26250000e+00  1.65016498e+00 
 2.26500000e+00  1.65016498e+00 
 2.26750000e+00  1.65016498e+00 
 2.27000000e+00  1.65016498e+00 
 2.27250000e+00  1.65016498e+00 
 2.27500000e+00  1.65016498e+00 
 2.27750000e+00  1.65016498e+00 
 2.28000000e+00  1.65016498e+00 
 2.28250000e+00  1.65016498e+00 
 2.28500000e+00  1.65016498e+00 
 2.28750000e+00  1.65016498e+00 
 2.29000000e+00  1.65016498e+00 
 2.29250000e+00  1.65016498e+00 
 2.29500000e+00  1.65016498e+00 
 2.29750000e+00  1.65016498e+00 
 2.30000000e+00  1.65016498e+00 
 2.30250000e+00  1.65016498e+00 
 2.30500000e+00  1.65016498e+00 
 2.30750000e+00  1.65016498e+00 
 2.31000000e+00  1.65016498e+00 
 2.31250000e+00  1.65016498e+00 
 2.31500000e+00  1.65016498e+00 
 2.31750000e+00  1.65016498e+00 
 2.32000000e+00  1.65016498e+00 
 2.32250000e+00  1.65016498e+00 
 2.32500000e+00  1.65016498e+00 
 2.32750000e+00  1.65016498e+00 
 2.33000000e+00  1.65016498e+00 
 2.33250000e+00  1.65016498e+00 
 2.33500000e+00  1.65016498e+00 
 2.33750000e+00  1.65016498e+00 
 2.34000000e+00  1.65016498e+00 
 2.34250000e+00  1.65016498e+00 
 2.34500000e+00  1.65016498e+00 
 2.34750000e+00  1.65016498e+00 
 2.35000000e+00  1.65016498e+00 
 2.35250000e+00  1.65016498e+00 
 2.35500000e+00  1.65016498e+00 
 2.35750000e+00  1.65016498e+00 
 2.36000000e+00  1.65016498e+00 
 2.36250000e+00  1.65016498e+00 
 2.36500000e+00  1.65016498e+00 
 2.36750000e+00  1.65016498e+00 
 2.37000000e+00  1.65016498e+00 
 2.37250000e+00  1.65016498e+00 
 2.37500000e+00  1.65016498e+00 
 2.37750000e+00  1.65016498e+00 
 2.38000000e+00  1.65016498e+00 
 2.38250000e+00  1.65016498e+00 
 2.38500000e+00  1.65016498e+00 
 2.38750000e+00  1.65016498e+00 
 2.39000000e+00  1.65016498e+00 
 2.39250000e+00  1.65016498e+00 
 2.39500000e+00  1.65016498e+00 
 2.39750000e+00  1.65016498e+00 
 2.40000000e+00  1.65016498e+00 
 2.40250000e+00  1.65016498e+00 
 2.40500000e+00  1.65016498e+00 
 2.40750000e+00  1.65016498e+00 
 2.41000000e+00  1.65016498e+00 
 2.41250000e+00  1.65016498e+00 
 2.41500000e+00  1.65016498e+00 
 2.41750000e+00  1.65016498e+00 
 2.42000000e+00  1.65016498e+00 
 2.42250000e+00  1.65016498e+00 
 2.42500000e+00  1.65016498e+00 
 2.42750000e+00  1.65016498e+00 
 2.43000000e+00  1.65016498e+00 
 2.43250000e+00  1.65016498e+00 
 2.43500000e+00  1.65016498e+00 
 2.43750000e+00  1.65016498e+00 
 2.44000000e+00  1.65016498e+00 
 2.44250000e+00  1.65016498e+00 
 2.44500000e+00  1.65016498e+00 
 2.44750000e+00  1.65016498e+00 
 2.45000000e+00  1.65016498e+00 
 2.45250000e+00  1.65016498e+00 
 2.45500000e+00  1.65016498e+00 
 2.45750000e+00  1.65016498e+00 
 2.46000000e+00  1.65016498e+00 
 2.46250000e+00  1.65016498e+00 
 2.46500000e+00  1.65016498e+00 
 2.46750000e+00  1.65016498e+00 
 2.47000000e+00  1.65016498e+00 
 2.47250000e+00  1.65016498e+00 
 2.47500000e+00  1.65016498e+00 
 2.47750000e+00  1.65016498e+00 
 2.48000000e+00  1.65016498e+00 
 2.48250000e+00  1.65016498e+00 
 2.48500000e+00  1.65016498e+00 
 2.48750000e+00  1.65016498e+00 
 2.49000000e+00  1.65016498e+00 
 2.49250000e+00  1.65016498e+00 
 2.49500000e+00  1.65016498e+00 
 2.49750000e+00  1.65016498e+00 
 2.50000000e+00  1.65016498e+00 
 2.50250000e+00  1.65016498e+00 
 2.50500000e+00  1.65016498e+00 
 2.50750000e+00  1.65016498e+00 
 2.51000000e+00  1.65016498e+00 
 2.51250000e+00  1.65016498e+00 
 2.51500000e+00  1.65016498e+00 
 2.51750000e+00  1.65016498e+00 
 2.52000000e+00  1.65016498e+00 
 2.52250000e+00  1.65016498e+00 
 2.52500000e+00  1.65016498e+00 
 2.52750000e+00  1.65016498e+00 
 2.53000000e+00  1.65016498e+00 
 2.53250000e+00  1.65016498e+00 
 2.53500000e+00  1.65016498e+00 
 2.53750000e+00  1.65016498e+00 
 2.54000000e+00  1.65016498e+00 
 2.54250000e+00  1.65016498e+00 
 2.54500000e+00  1.65016498e+00 
 2.54750000e+00  1.65016498e+00 
 2.55000000e+00  1.65016498e+00 
 2.55250000e+00  1.65016498e+00 
 2.55500000e+00  1.65016498e+00 
 2.55750000e+00  1.65016498e+00 
 2.56000000e+00  1.65016498e+00 
 2.56250000e+00  1.65016498e+00 
 2.56500000e+00  1.65016498e+00 
 2.56750000e+00  1.65016498e+00 
 2.57000000e+00  1.65016498e+00 
 2.57250000e+00  1.65016498e+00 
 2.57500000e+00  1.65016498e+00 
 2.57750000e+00  1.65016498e+00 
 2.58000000e+00  1.65016498e+00 
 2.58250000e+00  1.65016498e+00 
 2.58500000e+00  1.65016498e+00 
 2.58750000e+00  1.65016498e+00 
 2.59000000e+00  1.65016498e+00 
 2.59250000e+00  1.65016498e+00 
 2.59500000e+00  1.65016498e+00 
 2.59750000e+00  1.65016498e+00 
 2.60000000e+00  1.65016498e+00 
 2.60250000e+00  1.65016498e+00 
 2.60500000e+00  1.65016498e+00 
 2.60750000e+00  1.65016498e+00 
 2.61000000e+00  1.65016498e+00 
 2.61250000e+00  1.65016498e+00 
 2.61500000e+00  1.65016498e+00 
 2.61750000e+00  1.65016498e+00 
 2.62000000e+00  1.65016498e+00 
 2.62250000e+00  1.65016498e+00 
 2.62500000e+00  1.65016498e+00 
 2.62750000e+00  1.65016498e+00 
 2.63000000e+00  1.65016498e+00 
 2.63250000e+00  1.65016498e+00 
 2.63500000e+00  1.65016498e+00 
 2.63750000e+00  1.65016498e+00 
 2.64000000e+00  1.65016498e+00 
 2.64250000e+00  1.65016498e+00 
 2.64500000e+00  1.65016498e+00 
 2.64750000e+00  1.65016498e+00 
 2.65000000e+00  1.65016498e+00 
 2.65250000e+00  1.65016498e+00 
 2.65500000e+00  1.65016498e+00 
 2.65750000e+00  1.65016498e+00 
 2.66000000e+00  1.65016498e+00 
 2.66250000e+00  1.65016498e+00 
 2.66500000e+00  1.65016498e+00 
 2.66750000e+00  1.65016498e+00 
 2.67000000e+00  1.65016498e+00 
 2.67250000e+00  1.65016498e+00 
 2.67500000e+00  1.65016498e+00 
 2.67750000e+00  1.65016498e+00 
 2.68000000e+00  1.65016498e+00 
 2.68250000e+00  1.65016498e+00 
 2.68500000e+00  1.65016498e+00 
 2.68750000e+00  1.65016498e+00 
 2.69000000e+00  1.65016498e+00 
 2.69250000e+00  1.65016498e+00 
 2.69500000e+00  1.65016498e+00 
 2.69750000e+00  1.65016498e+00 
 2.70000000e+00  1.65016498e+00 
 2.70250000e+00  1.65016498e+00 
 2.70500000e+00  1.65016498e+00 
 2.70750000e+00  1.65016498e+00 
 2.71000000e+00  1.65016498e+00 
 2.71250000e+00  1.65016498e+00 
 2.71500000e+00  1.65016498e+00 
 2.71750000e+00  1.65016498e+00 
 2.72000000e+00  1.65016498e+00 
 2.72250000e+00  1.65016498e+00 
 2.72500000e+00  1.65016498e+00 
 2.72750000e+00  1.65016498e+00 
 2.73000000e+00  1.65016498e+00 
 2.73250000e+00  1.65016498e+00 
 2.73500000e+00  1.65016498e+00 
 2.73750000e+00  1.65016498e+00 
 2.74000000e+00  1.65016498e+00 
 2.74250000e+00  1.65016498e+00 
 2.74500000e+00  1.65016498e+00 
 2.74750000e+00  1.65016498e+00 
 2.75000000e+00  1.65016498e+00 
 2.75250000e+00  1.65016498e+00 
 2.75500000e+00  1.65016498e+00 
 2.75750000e+00  1.65016498e+00 
 2.76000000e+00  1.65016498e+00 
 2.76250000e+00  1.65016498e+00 
 2.76500000e+00  1.65016498e+00 
 2.76750000e+00  1.65016498e+00 
 2.77000000e+00  1.65016498e+00 
 2.77250000e+00  1.65016498e+00 
 2.77500000e+00  1.65016498e+00 
 2.77750000e+00  1.65016498e+00 
 2.78000000e+00  1.65016498e+00 
 2.78250000e+00  1.65016498e+00 
 2.78500000e+00  1.65016498e+00 
 2.78750000e+00  1.65016498e+00 
 2.79000000e+00  1.65016498e+00 
 2.79250000e+00  1.65016498e+00 
 2.79500000e+00  1.65016498e+00 
 2.79750000e+00  1.65016498e+00 
 2.80000000e+00  1.65016498e+00 
 2.80250000e+00  1.65016498e+00 
 2.80500000e+00  1.65016498e+00 
 2.80750000e+00  1.65016498e+00 
 2.81000000e+00  1.65016498e+00 
 2.81250000e+00  1.65016498e+00 
 2.81500000e+00  1.65016498e+00 
 2.81750000e+00  1.65016498e+00 
 2.82000000e+00  1.65016498e+00 
 2.82250000e+00  1.65016498e+00 
 2.82500000e+00  1.65016498e+00 
 2.82750000e+00  1.65016498e+00 
 2.83000000e+00  1.65016498e+00 
 2.83250000e+00  1.65016498e+00 
 2.83500000e+00  1.65016498e+00 
 2.83750000e+00  1.65016498e+00 
 2.84000000e+00  1.65016498e+00 
 2.84250000e+00  1.65016498e+00 
 2.84500000e+00  1.65016498e+00 
 2.84750000e+00  1.65016498e+00 
 2.85000000e+00  1.65016498e+00 
 2.85250000e+00  1.65016498e+00 
 2.85500000e+00  1.65016498e+00 
 2.85750000e+00  1.65016498e+00 
 2.86000000e+00  1.65016498e+00 
 2.86250000e+00  1.65016498e+00 
 2.86500000e+00  1.65016498e+00 
 2.86750000e+00  1.65016498e+00 
 2.87000000e+00  1.65016498e+00 
 2.87250000e+00  1.65016498e+00 
 2.87500000e+00  1.65016498e+00 
 2.87750000e+00  1.65016498e+00 
 2.88000000e+00  1.65016498e+00 
 2.88250000e+00  1.65016498e+00 
 2.88500000e+00  1.65016498e+00 
 2.88750000e+00  1.65016498e+00 
 2.89000000e+00  1.65016498e+00 
 2.89250000e+00  1.65016498e+00 
 2.89500000e+00  1.65016498e+00 
 2.89750000e+00  1.65016498e+00 
 2.90000000e+00  1.65016498e+00 
 2.90250000e+00  1.65016498e+00 
 2.90500000e+00  1.65016498e+00 
 2.90750000e+00  1.65016498e+00 
 2.91000000e+00  1.65016498e+00 
 2.91250000e+00  1.65016498e+00 
 2.91500000e+00  1.65016498e+00 
 2.91750000e+00  1.65016498e+00 
 2.92000000e+00  1.65016498e+00 
 2.92250000e+00  1.65016498e+00 
 2.92500000e+00  1.65016498e+00 
 2.92750000e+00  1.65016498e+00 
 2.93000000e+00  1.65016498e+00 
 2.93250000e+00  1.65016498e+00 
 2.93500000e+00  1.65016498e+00 
 2.93750000e+00  1.65016498e+00 
 2.94000000e+00  1.65016498e+00 
 2.94250000e+00  1.65016498e+00 
 2.94500000e+00  1.65016498e+00 
 2.94750000e+00  1.65016498e+00 
 2.95000000e+00  1.65016498e+00 
 2.95250000e+00  1.65016498e+00 
 2.95500000e+00  1.65016498e+00 
 2.95750000e+00  1.65016498e+00 
 2.96000000e+00  1.65016498e+00 
 2.96250000e+00  1.65016498e+00 
 2.96500000e+00  1.65016498e+00 
 2.96750000e+00  1.65016498e+00 
 2.97000000e+00  1.65016498e+00 
 2.97250000e+00  1.65016498e+00 
 2.97500000e+00  1.65016498e+00 
 2.97750000e+00  1.65016498e+00 
 2.98000000e+00  1.65016498e+00 
 2.98250000e+00  1.65016498e+00 
 2.98500000e+00  1.65016498e+00 
 2.98750000e+00  1.65016498e+00 
 2.99000000e+00  1.65016498e+00 
 2.99250000e+00  1.65016498e+00 
 2.99500000e+00  1.65016498e+00 
 2.99750000e+00  1.65016498e+00 
 3.00000000e+00  1.65016498e+00 
 3.00250000e+00  1.65016498e+00 
 3.00500000e+00  1.65016498e+00 
 3.00750000e+00  1.65016498e+00 
 3.01000000e+00  1.65016498e+00 
 3.01250000e+00  1.65016498e+00 
 3.01500000e+00  1.65016498e+00 
 3.01750000e+00  1.65016498e+00 
 3.02000000e+00  1.65016498e+00 
 3.02250000e+00  1.65016498e+00 
 3.02500000e+00  1.65016498e+00 
 3.02750000e+00  1.65016498e+00 
 3.03000000e+00  1.65016498e+00 
 3.03250000e+00  1.65016498e+00 
 3.03500000e+00  1.65016498e+00 
 3.03750000e+00  1.65016498e+00 
 3.04000000e+00  1.65016498e+00 
 3.04250000e+00  1.65016498e+00 
 3.04500000e+00  1.65016498e+00 
 3.04750000e+00  1.65016498e+00 
 3.05000000e+00  1.65016498e+00 
 3.05250000e+00  1.65016498e+00 
 3.05500000e+00  1.65016498e+00 
 3.05750000e+00  1.65016498e+00 
 3.06000000e+00  1.65016498e+00 
 3.06250000e+00  1.65016498e+00 
 3.06500000e+00  1.65016498e+00 
 3.06750000e+00  1.65016498e+00 
 3.07000000e+00  1.65016498e+00 
 3.07250000e+00  1.65016498e+00 
 3.07500000e+00  1.65016498e+00 
 3.07750000e+00  1.65016498e+00 
 3.08000000e+00  1.65016498e+00 
 3.08250000e+00  1.65016498e+00 
 3.08500000e+00  1.65016498e+00 
 3.08750000e+00  1.65016498e+00 
 3.09000000e+00  1.65016498e+00 
 3.09250000e+00  1.65016498e+00 
 3.09500000e+00  1.65016498e+00 
 3.09750000e+00  1.65016498e+00 
 3.10000000e+00  1.65016498e+00 
 3.10250000e+00  1.65016498e+00 
 3.10500000e+00  1.65016498e+00 
 3.10750000e+00  1.65016498e+00 
 3.11000000e+00  1.65016498e+00 
 3.11250000e+00  1.65016498e+00 
 3.11500000e+00  1.65016498e+00 
 3.11750000e+00  1.65016498e+00 
 3.12000000e+00  1.65016498e+00 
 3.12250000e+00  1.65016498e+00 
 3.12500000e+00  1.65016498e+00 
 3.12750000e+00  1.65016498e+00 
 3.13000000e+00  1.65016498e+00 
 3.13250000e+00  1.65016498e+00 
 3.13500000e+00  1.65016498e+00 
 3.13750000e+00  1.65016498e+00 
 3.14000000e+00  1.65016498e+00 
 3.14250000e+00  1.65016498e+00 
 3.14500000e+00  1.65016498e+00 
 3.14750000e+00  1.65016498e+00 
 3.15000000e+00  1.65016498e+00 
 3.15250000e+00  1.65016498e+00 
 3.15500000e+00  1.65016498e+00 
 3.15750000e+00  1.65016498e+00 
 3.16000000e+00  1.65016498e+00 
 3.16250000e+00  1.65016498e+00 
 3.16500000e+00  1.65016498e+00 
 3.16750000e+00  1.65016498e+00 
 3.17000000e+00  1.65016498e+00 
 3.17250000e+00  1.65016498e+00 
 3.17500000e+00  1.65016498e+00 
 3.17750000e+00  1.65016498e+00 
 3.18000000e+00  1.65016498e+00 
 3.18250000e+00  1.65016498e+00 
 3.18500000e+00  1.65016498e+00 
 3.18750000e+00  1.65016498e+00 
 3.19000000e+00  1.65016498e+00 
 3.19250000e+00  1.65016498e+00 
 3.19500000e+00  1.65016498e+00 
 3.19750000e+00  1.65016498e+00 
 3.20000000e+00  1.65016498e+00 
 3.20250000e+00  1.65016498e+00 
 3.20500000e+00  1.65016498e+00 
 3.20750000e+00  1.65016498e+00 
 3.21000000e+00  1.65016498e+00 
 3.21250000e+00  1.65016498e+00 
 3.21500000e+00  1.65016498e+00 
 3.21750000e+00  1.65016498e+00 
 3.22000000e+00  1.65016498e+00 
 3.22250000e+00  1.65016498e+00 
 3.22500000e+00  1.65016498e+00 
 3.22750000e+00  1.65016498e+00 
 3.23000000e+00  1.65016498e+00 
 3.23250000e+00  1.65016498e+00 
 3.23500000e+00  1.65016498e+00 
 3.23750000e+00  1.65016498e+00 
 3.24000000e+00  1.65016498e+00 
 3.24250000e+00  1.65016498e+00 
 3.24500000e+00  1.65016498e+00 
 3.24750000e+00  1.65016498e+00 
 3.25000000e+00  1.65016498e+00 
 3.25250000e+00  1.65016498e+00 
 3.25500000e+00  1.65016498e+00 
 3.25750000e+00  1.65016498e+00 
 3.26000000e+00  1.65016498e+00 
 3.26250000e+00  1.65016498e+00 
 3.26500000e+00  1.65016498e+00 
 3.26750000e+00  1.65016498e+00 
 3.27000000e+00  1.65016498e+00 
 3.27250000e+00  1.65016498e+00 
 3.27500000e+00  1.65016498e+00 
 3.27750000e+00  1.65016498e+00 
 3.28000000e+00  1.65016498e+00 
 3.28250000e+00  1.65016498e+00 
 3.28500000e+00  1.65016498e+00 
 3.28750000e+00  1.65016498e+00 
 3.29000000e+00  1.65016498e+00 
 3.29250000e+00  1.65016498e+00 
 3.29500000e+00  1.65016498e+00 
 3.29750000e+00  1.65016498e+00 
 3.30000000e+00  1.65016498e+00 
