 1.00000000e+01  5.00000005e-02 
 1.02329299e+01  5.00000005e-02 
 1.04712855e+01  5.00000005e-02 
 1.07151931e+01  5.00000005e-02 
 1.09647820e+01  5.00000006e-02 
 1.12201845e+01  5.00000006e-02 
 1.14815362e+01  5.00000006e-02 
 1.17489755e+01  5.00000006e-02 
 1.20226443e+01  5.00000007e-02 
 1.23026877e+01  5.00000007e-02 
 1.25892541e+01  5.00000007e-02 
 1.28824955e+01  5.00000008e-02 
 1.31825674e+01  5.00000008e-02 
 1.34896288e+01  5.00000008e-02 
 1.38038426e+01  5.00000009e-02 
 1.41253754e+01  5.00000009e-02 
 1.44543977e+01  5.00000010e-02 
 1.47910839e+01  5.00000010e-02 
 1.51356125e+01  5.00000011e-02 
 1.54881662e+01  5.00000011e-02 
 1.58489319e+01  5.00000012e-02 
 1.62181010e+01  5.00000012e-02 
 1.65958691e+01  5.00000013e-02 
 1.69824365e+01  5.00000013e-02 
 1.73780083e+01  5.00000014e-02 
 1.77827941e+01  5.00000015e-02 
 1.81970086e+01  5.00000015e-02 
 1.86208714e+01  5.00000016e-02 
 1.90546072e+01  5.00000017e-02 
 1.94984460e+01  5.00000018e-02 
 1.99526231e+01  5.00000018e-02 
 2.04173794e+01  5.00000019e-02 
 2.08929613e+01  5.00000020e-02 
 2.13796209e+01  5.00000021e-02 
 2.18776162e+01  5.00000022e-02 
 2.23872114e+01  5.00000023e-02 
 2.29086765e+01  5.00000024e-02 
 2.34422882e+01  5.00000025e-02 
 2.39883292e+01  5.00000027e-02 
 2.45470892e+01  5.00000028e-02 
 2.51188643e+01  5.00000029e-02 
 2.57039578e+01  5.00000031e-02 
 2.63026799e+01  5.00000032e-02 
 2.69153480e+01  5.00000033e-02 
 2.75422870e+01  5.00000035e-02 
 2.81838293e+01  5.00000037e-02 
 2.88403150e+01  5.00000038e-02 
 2.95120923e+01  5.00000040e-02 
 3.01995172e+01  5.00000042e-02 
 3.09029543e+01  5.00000044e-02 
 3.16227766e+01  5.00000046e-02 
 3.23593657e+01  5.00000048e-02 
 3.31131121e+01  5.00000051e-02 
 3.38844156e+01  5.00000053e-02 
 3.46736850e+01  5.00000056e-02 
 3.54813389e+01  5.00000058e-02 
 3.63078055e+01  5.00000061e-02 
 3.71535229e+01  5.00000064e-02 
 3.80189396e+01  5.00000067e-02 
 3.89045145e+01  5.00000070e-02 
 3.98107171e+01  5.00000073e-02 
 4.07380278e+01  5.00000077e-02 
 4.16869383e+01  5.00000080e-02 
 4.26579519e+01  5.00000084e-02 
 4.36515832e+01  5.00000088e-02 
 4.46683592e+01  5.00000092e-02 
 4.57088190e+01  5.00000096e-02 
 4.67735141e+01  5.00000101e-02 
 4.78630092e+01  5.00000106e-02 
 4.89778819e+01  5.00000111e-02 
 5.01187234e+01  5.00000116e-02 
 5.12861384e+01  5.00000121e-02 
 5.24807460e+01  5.00000127e-02 
 5.37031796e+01  5.00000133e-02 
 5.49540874e+01  5.00000139e-02 
 5.62341325e+01  5.00000146e-02 
 5.75439937e+01  5.00000153e-02 
 5.88843655e+01  5.00000160e-02 
 6.02559586e+01  5.00000168e-02 
 6.16595002e+01  5.00000176e-02 
 6.30957344e+01  5.00000184e-02 
 6.45654229e+01  5.00000192e-02 
 6.60693448e+01  5.00000202e-02 
 6.76082975e+01  5.00000211e-02 
 6.91830971e+01  5.00000221e-02 
 7.07945784e+01  5.00000231e-02 
 7.24435960e+01  5.00000242e-02 
 7.41310241e+01  5.00000254e-02 
 7.58577575e+01  5.00000266e-02 
 7.76247117e+01  5.00000278e-02 
 7.94328235e+01  5.00000291e-02 
 8.12830516e+01  5.00000305e-02 
 8.31763771e+01  5.00000319e-02 
 8.51138038e+01  5.00000334e-02 
 8.70963590e+01  5.00000350e-02 
 8.91250938e+01  5.00000367e-02 
 9.12010839e+01  5.00000384e-02 
 9.33254301e+01  5.00000402e-02 
 9.54992586e+01  5.00000421e-02 
 9.77237221e+01  5.00000441e-02 
 1.00000000e+02  5.00000462e-02 
 1.02329299e+02  5.00000483e-02 
 1.04712855e+02  5.00000506e-02 
 1.07151931e+02  5.00000530e-02 
 1.09647820e+02  5.00000555e-02 
 1.12201845e+02  5.00000581e-02 
 1.14815362e+02  5.00000609e-02 
 1.17489755e+02  5.00000637e-02 
 1.20226443e+02  5.00000667e-02 
 1.23026877e+02  5.00000699e-02 
 1.25892541e+02  5.00000732e-02 
 1.28824955e+02  5.00000766e-02 
 1.31825674e+02  5.00000802e-02 
 1.34896288e+02  5.00000840e-02 
 1.38038426e+02  5.00000880e-02 
 1.41253754e+02  5.00000921e-02 
 1.44543977e+02  5.00000965e-02 
 1.47910839e+02  5.00001010e-02 
 1.51356125e+02  5.00001058e-02 
 1.54881662e+02  5.00001107e-02 
 1.58489319e+02  5.00001160e-02 
 1.62181010e+02  5.00001214e-02 
 1.65958691e+02  5.00001272e-02 
 1.69824365e+02  5.00001331e-02 
 1.73780083e+02  5.00001394e-02 
 1.77827941e+02  5.00001460e-02 
 1.81970086e+02  5.00001529e-02 
 1.86208714e+02  5.00001601e-02 
 1.90546072e+02  5.00001676e-02 
 1.94984460e+02  5.00001755e-02 
 1.99526231e+02  5.00001838e-02 
 2.04173794e+02  5.00001924e-02 
 2.08929613e+02  5.00002015e-02 
 2.13796209e+02  5.00002110e-02 
 2.18776162e+02  5.00002210e-02 
 2.23872114e+02  5.00002314e-02 
 2.29086765e+02  5.00002423e-02 
 2.34422882e+02  5.00002537e-02 
 2.39883292e+02  5.00002657e-02 
 2.45470892e+02  5.00002782e-02 
 2.51188643e+02  5.00002913e-02 
 2.57039578e+02  5.00003050e-02 
 2.63026799e+02  5.00003194e-02 
 2.69153480e+02  5.00003344e-02 
 2.75422870e+02  5.00003502e-02 
 2.81838293e+02  5.00003667e-02 
 2.88403150e+02  5.00003840e-02 
 2.95120923e+02  5.00004021e-02 
 3.01995172e+02  5.00004210e-02 
 3.09029543e+02  5.00004409e-02 
 3.16227766e+02  5.00004617e-02 
 3.23593657e+02  5.00004834e-02 
 3.31131121e+02  5.00005062e-02 
 3.38844156e+02  5.00005300e-02 
 3.46736850e+02  5.00005550e-02 
 3.54813389e+02  5.00005812e-02 
 3.63078055e+02  5.00006086e-02 
 3.71535229e+02  5.00006373e-02 
 3.80189396e+02  5.00006673e-02 
 3.89045145e+02  5.00006987e-02 
 3.98107171e+02  5.00007317e-02 
 4.07380278e+02  5.00007662e-02 
 4.16869383e+02  5.00008023e-02 
 4.26579519e+02  5.00008401e-02 
 4.36515832e+02  5.00008797e-02 
 4.46683592e+02  5.00009211e-02 
 4.57088190e+02  5.00009645e-02 
 4.67735141e+02  5.00010100e-02 
 4.78630092e+02  5.00010576e-02 
 4.89778819e+02  5.00011074e-02 
 5.01187234e+02  5.00011596e-02 
 5.12861384e+02  5.00012143e-02 
 5.24807460e+02  5.00012715e-02 
 5.37031796e+02  5.00013314e-02 
 5.49540874e+02  5.00013942e-02 
 5.62341325e+02  5.00014599e-02 
 5.75439937e+02  5.00015287e-02 
 5.88843655e+02  5.00016007e-02 
 6.02559586e+02  5.00016762e-02 
 6.16595002e+02  5.00017551e-02 
 6.30957344e+02  5.00018379e-02 
 6.45654229e+02  5.00019245e-02 
 6.60693448e+02  5.00020152e-02 
 6.76082975e+02  5.00021101e-02 
 6.91830971e+02  5.00022096e-02 
 7.07945784e+02  5.00023137e-02 
 7.24435960e+02  5.00024228e-02 
 7.41310241e+02  5.00025370e-02 
 7.58577575e+02  5.00026565e-02 
 7.76247117e+02  5.00027817e-02 
 7.94328235e+02  5.00029128e-02 
 8.12830516e+02  5.00030501e-02 
 8.31763771e+02  5.00031938e-02 
 8.51138038e+02  5.00033443e-02 
 8.70963590e+02  5.00035020e-02 
 8.91250938e+02  5.00036670e-02 
 9.12010839e+02  5.00038398e-02 
 9.33254301e+02  5.00040208e-02 
 9.54992586e+02  5.00042103e-02 
 9.77237221e+02  5.00044087e-02 
 1.00000000e+03  5.00046165e-02 
 1.02329299e+03  5.00048340e-02 
 1.04712855e+03  5.00050618e-02 
 1.07151931e+03  5.00053004e-02 
 1.09647820e+03  5.00055502e-02 
 1.12201845e+03  5.00058117e-02 
 1.14815362e+03  5.00060856e-02 
 1.17489755e+03  5.00063724e-02 
 1.20226443e+03  5.00066727e-02 
 1.23026877e+03  5.00069872e-02 
 1.25892541e+03  5.00073165e-02 
 1.28824955e+03  5.00076613e-02 
 1.31825674e+03  5.00080224e-02 
 1.34896288e+03  5.00084004e-02 
 1.38038426e+03  5.00087963e-02 
 1.41253754e+03  5.00092108e-02 
 1.44543977e+03  5.00096449e-02 
 1.47910839e+03  5.00100994e-02 
 1.51356125e+03  5.00105754e-02 
 1.54881662e+03  5.00110738e-02 
 1.58489319e+03  5.00115956e-02 
 1.62181010e+03  5.00121421e-02 
 1.65958691e+03  5.00127143e-02 
 1.69824365e+03  5.00133135e-02 
 1.73780083e+03  5.00139409e-02 
 1.77827941e+03  5.00145979e-02 
 1.81970086e+03  5.00152858e-02 
 1.86208714e+03  5.00160061e-02 
 1.90546072e+03  5.00167604e-02 
 1.94984460e+03  5.00175503e-02 
 1.99526231e+03  5.00183773e-02 
 2.04173794e+03  5.00192433e-02 
 2.08929613e+03  5.00201502e-02 
 2.13796209e+03  5.00210997e-02 
 2.18776162e+03  5.00220940e-02 
 2.23872114e+03  5.00231352e-02 
 2.29086765e+03  5.00242254e-02 
 2.34422882e+03  5.00253670e-02 
 2.39883292e+03  5.00265623e-02 
 2.45470892e+03  5.00278140e-02 
 2.51188643e+03  5.00291247e-02 
 2.57039578e+03  5.00304971e-02 
 2.63026799e+03  5.00319342e-02 
 2.69153480e+03  5.00334390e-02 
 2.75422870e+03  5.00350146e-02 
 2.81838293e+03  5.00366646e-02 
 2.88403150e+03  5.00383922e-02 
 2.95120923e+03  5.00402013e-02 
 3.01995172e+03  5.00420955e-02 
 3.09029543e+03  5.00440790e-02 
 3.16227766e+03  5.00461560e-02 
 3.23593657e+03  5.00483308e-02 
 3.31131121e+03  5.00506081e-02 
 3.38844156e+03  5.00529926e-02 
 3.46736850e+03  5.00554894e-02 
 3.54813389e+03  5.00581039e-02 
 3.63078055e+03  5.00608415e-02 
 3.71535229e+03  5.00637081e-02 
 3.80189396e+03  5.00667096e-02 
 3.89045145e+03  5.00698526e-02 
 3.98107171e+03  5.00731436e-02 
 4.07380278e+03  5.00765896e-02 
 4.16869383e+03  5.00801978e-02 
 4.26579519e+03  5.00839760e-02 
 4.36515832e+03  5.00879322e-02 
 4.46683592e+03  5.00920746e-02 
 4.57088190e+03  5.00964121e-02 
 4.67735141e+03  5.01009538e-02 
 4.78630092e+03  5.01057094e-02 
 4.89778819e+03  5.01106889e-02 
 5.01187234e+03  5.01159028e-02 
 5.12861384e+03  5.01213622e-02 
 5.24807460e+03  5.01270786e-02 
 5.37031796e+03  5.01330641e-02 
 5.49540874e+03  5.01393314e-02 
 5.62341325e+03  5.01458936e-02 
 5.75439937e+03  5.01527648e-02 
 5.88843655e+03  5.01599593e-02 
 6.02559586e+03  5.01674923e-02 
 6.16595002e+03  5.01753799e-02 
 6.30957344e+03  5.01836386e-02 
 6.45654229e+03  5.01922859e-02 
 6.60693448e+03  5.02013400e-02 
 6.76082975e+03  5.02108201e-02 
 6.91830971e+03  5.02207460e-02 
 7.07945784e+03  5.02311389e-02 
 7.24435960e+03  5.02420205e-02 
 7.41310241e+03  5.02534139e-02 
 7.58577575e+03  5.02653430e-02 
 7.76247117e+03  5.02778329e-02 
 7.94328235e+03  5.02909101e-02 
 8.12830516e+03  5.03046019e-02 
 8.31763771e+03  5.03189373e-02 
 8.51138038e+03  5.03339463e-02 
 8.70963590e+03  5.03496606e-02 
 8.91250938e+03  5.03661132e-02 
 9.12010839e+03  5.03833387e-02 
 9.33254301e+03  5.04013731e-02 
 9.54992586e+03  5.04202545e-02 
 9.77237221e+03  5.04400225e-02 
 1.00000000e+04  5.04607184e-02 
 1.02329299e+04  5.04823858e-02 
 1.04712855e+04  5.05050699e-02 
 1.07151931e+04  5.05288184e-02 
 1.09647820e+04  5.05536809e-02 
 1.12201845e+04  5.05797094e-02 
 1.14815362e+04  5.06069584e-02 
 1.17489755e+04  5.06354847e-02 
 1.20226443e+04  5.06653480e-02 
 1.23026877e+04  5.06966105e-02 
 1.25892541e+04  5.07293374e-02 
 1.28824955e+04  5.07635969e-02 
 1.31825674e+04  5.07994604e-02 
 1.34896288e+04  5.08370023e-02 
 1.38038426e+04  5.08763008e-02 
 1.41253754e+04  5.09174373e-02 
 1.44543977e+04  5.09604973e-02 
 1.47910839e+04  5.10055699e-02 
 1.51356125e+04  5.10527485e-02 
 1.54881662e+04  5.11021307e-02 
 1.58489319e+04  5.11538183e-02 
 1.62181010e+04  5.12079181e-02 
 1.65958691e+04  5.12645416e-02 
 1.69824365e+04  5.13238054e-02 
 1.73780083e+04  5.13858312e-02 
 1.77827941e+04  5.14507463e-02 
 1.81970086e+04  5.15186840e-02 
 1.86208714e+04  5.15897833e-02 
 1.90546072e+04  5.16641896e-02 
 1.94984460e+04  5.17420546e-02 
 1.99526231e+04  5.18235372e-02 
 2.04173794e+04  5.19088032e-02 
 2.08929613e+04  5.19980258e-02 
 2.13796209e+04  5.20913859e-02 
 2.18776162e+04  5.21890725e-02 
 2.23872114e+04  5.22912832e-02 
 2.29086765e+04  5.23982239e-02 
 2.34422882e+04  5.25101102e-02 
 2.39883292e+04  5.26271667e-02 
 2.45470892e+04  5.27496282e-02 
 2.51188643e+04  5.28777399e-02 
 2.57039578e+04  5.30117576e-02 
 2.63026799e+04  5.31519484e-02 
 2.69153480e+04  5.32985910e-02 
 2.75422870e+04  5.34519766e-02 
 2.81838293e+04  5.36124087e-02 
 2.88403150e+04  5.37802044e-02 
 2.95120923e+04  5.39556943e-02 
 3.01995172e+04  5.41392237e-02 
 3.09029543e+04  5.43311525e-02 
 3.16227766e+04  5.45318566e-02 
 3.23593657e+04  5.47417281e-02 
 3.31131121e+04  5.49611758e-02 
 3.38844156e+04  5.51906267e-02 
 3.46736850e+04  5.54305259e-02 
 3.54813389e+04  5.56813381e-02 
 3.63078055e+04  5.59435478e-02 
 3.71535229e+04  5.62176610e-02 
 3.80189396e+04  5.65042052e-02 
 3.89045145e+04  5.68037313e-02 
 3.98107171e+04  5.71168140e-02 
 4.07380278e+04  5.74440534e-02 
 4.16869383e+04  5.77860756e-02 
 4.26579519e+04  5.81435349e-02 
 4.36515832e+04  5.85171140e-02 
 4.46683592e+04  5.89075265e-02 
 4.57088190e+04  5.93155178e-02 
 4.67735141e+04  5.97418671e-02 
 4.78630092e+04  6.01873888e-02 
 4.89778819e+04  6.06529351e-02 
 5.01187234e+04  6.11393974e-02 
 5.12861384e+04  6.16477090e-02 
 5.24807460e+04  6.21788472e-02 
 5.37031796e+04  6.27338362e-02 
 5.49540874e+04  6.33137501e-02 
 5.62341325e+04  6.39197156e-02 
 5.75439937e+04  6.45529158e-02 
 5.88843655e+04  6.52145937e-02 
 6.02559586e+04  6.59060564e-02 
 6.16595002e+04  6.66286797e-02 
 6.30957344e+04  6.73839127e-02 
 6.45654229e+04  6.81732832e-02 
 6.60693448e+04  6.89984041e-02 
 6.76082975e+04  6.98609793e-02 
 6.91830971e+04  7.07628114e-02 
 7.07945784e+04  7.17058090e-02 
 7.24435960e+04  7.26919962e-02 
 7.41310241e+04  7.37235219e-02 
 7.58577575e+04  7.48026704e-02 
 7.76247117e+04  7.59318736e-02 
 7.94328235e+04  7.71137241e-02 
 8.12830516e+04  7.83509898e-02 
 8.31763771e+04  7.96466306e-02 
 8.51138038e+04  8.10038162e-02 
 8.70963590e+04  8.24259468e-02 
 8.91250938e+04  8.39166755e-02 
 9.12010839e+04  8.54799344e-02 
 9.33254301e+04  8.71199625e-02 
 9.54992586e+04  8.88413383e-02 
 9.77237221e+04  9.06490157e-02 
 1.00000000e+05  9.25483646e-02 
 1.02329299e+05  9.45452171e-02 
 1.04712855e+05  9.66459194e-02 
 1.07151931e+05  9.88573905e-02 
 1.09647820e+05  1.01187189e-01 
 1.12201845e+05  1.03643590e-01 
 1.14815362e+05  1.06235669e-01 
 1.17489755e+05  1.08973407e-01 
 1.20226443e+05  1.11867794e-01 
 1.23026877e+05  1.14930968e-01 
 1.25892541e+05  1.18176360e-01 
 1.28824955e+05  1.21618864e-01 
 1.31825674e+05  1.25275038e-01 
 1.34896288e+05  1.29163327e-01 
 1.38038426e+05  1.33304331e-01 
 1.41253754e+05  1.37721107e-01 
 1.44543977e+05  1.42439519e-01 
 1.47910839e+05  1.47488646e-01 
 1.51356125e+05  1.52901250e-01 
 1.54881662e+05  1.58714310e-01 
 1.58489319e+05  1.64969641e-01 
 1.62181010e+05  1.71714583e-01 
 1.65958691e+05  1.79002786e-01 
 1.69824365e+05  1.86895049e-01 
 1.73780083e+05  1.95460221e-01 
 1.77827941e+05  2.04776088e-01 
 1.81970086e+05  2.14930142e-01 
 1.86208714e+05  2.26020069e-01 
 1.90546072e+05  2.38153610e-01 
 1.94984460e+05  2.51447279e-01 
 1.99526231e+05  2.66023060e-01 
 2.04173794e+05  2.82001672e-01 
 2.08929613e+05  2.99490235e-01 
 2.13796209e+05  3.18561104e-01 
 2.18776162e+05  3.39217472e-01 
 2.23872114e+05  3.61340519e-01 
 2.29086765e+05  3.84613982e-01 
 2.34422882e+05  4.08427994e-01 
 2.39883292e+05  4.31779621e-01 
 2.45470892e+05  4.53215868e-01 
 2.51188643e+05  4.70897535e-01 
 2.57039578e+05  4.82865165e-01 
 2.63026799e+05  4.87509038e-01 
 2.69153480e+05  4.84082226e-01 
 2.75422870e+05  4.72978070e-01 
 2.81838293e+05  4.55590919e-01 
 2.88403150e+05  4.33850673e-01 
 2.95120923e+05  4.09705210e-01 
 3.01995172e+05  3.84772156e-01 
 3.09029543e+05  3.60211412e-01 
 3.16227766e+05  3.36752689e-01 
 3.23593657e+05  3.14790677e-01 
 3.31131121e+05  2.94488636e-01 
 3.38844156e+05  2.75863970e-01 
 3.46736850e+05  2.58849877e-01 
 3.54813389e+05  2.43336148e-01 
 3.63078055e+05  2.29194535e-01 
 3.71535229e+05  2.16293656e-01 
 3.80189396e+05  2.04507216e-01 
 3.89045145e+05  1.93718099e-01 
 3.98107171e+05  1.83820034e-01 
 4.07380278e+05  1.74717869e-01 
 4.16869383e+05  1.66327100e-01 
 4.26579519e+05  1.58573045e-01 
 4.36515832e+05  1.51389866e-01 
 4.46683592e+05  1.44719587e-01 
 4.57088190e+05  1.38511150e-01 
 4.67735141e+05  1.32719555e-01 
 4.78630092e+05  1.27305089e-01 
 4.89778819e+05  1.22232647e-01 
 5.01187234e+05  1.17471135e-01 
 5.12861384e+05  1.12992960e-01 
 5.24807460e+05  1.08773577e-01 
 5.37031796e+05  1.04791105e-01 
 5.49540874e+05  1.01025996e-01 
 5.62341325e+05  9.74607419e-02 
 5.75439937e+05  9.40796324e-02 
 5.88843655e+05  9.08685346e-02 
 6.02559586e+05  8.78147088e-02 
 6.16595002e+05  8.49066467e-02 
 6.30957344e+05  8.21339307e-02 
 6.45654229e+05  7.94871112e-02 
 6.60693448e+05  7.69576005e-02 
 6.76082975e+05  7.45375788e-02 
 6.91830971e+05  7.22199124e-02 
 7.07945784e+05  6.99980825e-02 
 7.24435960e+05  6.78661213e-02 
 7.41310241e+05  6.58185566e-02 
 7.58577575e+05  6.38503628e-02 
 7.76247117e+05  6.19569172e-02 
 7.94328235e+05  6.01339612e-02 
 8.12830516e+05  5.83775667e-02 
 8.31763771e+05  5.66841052e-02 
 8.51138038e+05  5.50502208e-02 
 8.70963590e+05  5.34728061e-02 
 8.91250938e+05  5.19489805e-02 
 9.12010839e+05  5.04760711e-02 
 9.33254301e+05  4.90515954e-02 
 9.54992586e+05  4.76732457e-02 
 9.77237221e+05  4.63388758e-02 
 1.00000000e+06  4.50464880e-02 
 1.02329299e+06  4.37942225e-02 
 1.04712855e+06  4.25803474e-02 
 1.07151931e+06  4.14032500e-02 
 1.09647820e+06  4.02614288e-02 
 1.12201845e+06  3.91534869e-02 
 1.14815362e+06  3.80781255e-02 
 1.17489755e+06  3.70341390e-02 
 1.20226443e+06  3.60204101e-02 
 1.23026877e+06  3.50359062e-02 
 1.25892541e+06  3.40796759e-02 
 1.28824955e+06  3.31508466e-02 
 1.31825674e+06  3.22486223e-02 
 1.34896288e+06  3.13722826e-02 
 1.38038426e+06  3.05211815e-02 
 1.41253754e+06  2.96947478e-02 
 1.44543977e+06  2.88924852e-02 
 1.47910839e+06  2.81139737e-02 
 1.51356125e+06  2.73588715e-02 
 1.54881662e+06  2.66269173e-02 
 1.58489319e+06  2.59179340e-02 
 1.62181010e+06  2.52318323e-02 
 1.65958691e+06  2.45686158e-02 
 1.69824365e+06  2.39283868e-02 
 1.73780083e+06  2.33113522e-02 
 1.77827941e+06  2.27178312e-02 
 1.81970086e+06  2.21482632e-02 
 1.86208714e+06  2.16032160e-02 
 1.90546072e+06  2.10833954e-02 
 1.94984460e+06  2.05896545e-02 
 1.99526231e+06  2.01230028e-02 
 2.04173794e+06  1.96846159e-02 
 2.08929613e+06  1.92758436e-02 
 2.13796209e+06  1.88982161e-02 
 2.18776162e+06  1.85534497e-02 
 2.23872114e+06  1.82434475e-02 
 2.29086765e+06  1.79702975e-02 
 2.34422882e+06  1.77362658e-02 
 2.39883292e+06  1.75437836e-02 
 2.45470892e+06  1.73954286e-02 
 2.51188643e+06  1.72938993e-02 
 2.57039578e+06  1.72419836e-02 
 2.63026799e+06  1.72425197e-02 
 2.69153480e+06  1.72983527e-02 
 2.75422870e+06  1.74122844e-02 
 2.81838293e+06  1.75870185e-02 
 2.88403150e+06  1.78250982e-02 
 2.95120923e+06  1.81288346e-02 
 3.01995172e+06  1.85002175e-02 
 3.09029543e+06  1.89408018e-02 
 3.16227766e+06  1.94515528e-02 
 3.23593657e+06  2.00326325e-02 
 3.31131121e+06  2.06831036e-02 
 3.38844156e+06  2.14005225e-02 
 3.46736850e+06  2.21803944e-02 
 3.54813389e+06  2.30154686e-02 
 3.63078055e+06  2.38948709e-02 
 3.71535229e+06  2.48031109e-02 
 3.80189396e+06  2.57190702e-02 
 3.89045145e+06  2.66151828e-02 
 3.98107171e+06  2.74571477e-02 
 4.07380278e+06  2.82046279e-02 
 4.16869383e+06  2.88133961e-02 
 4.26579519e+06  2.92391862e-02 
 4.36515832e+06  2.94430062e-02 
 4.46683592e+06  2.93969722e-02 
 4.57088190e+06  2.90891405e-02 
 4.67735141e+06  2.85257802e-02 
 4.78630092e+06  2.77302544e-02 
 4.89778819e+06  2.67388624e-02 
 5.01187234e+06  2.55950006e-02 
 5.12861384e+06  2.43433145e-02 
 5.24807460e+06  2.30251073e-02 
 5.37031796e+06  2.16755422e-02 
 5.49540874e+06  2.03225335e-02 
 5.62341325e+06  1.89868745e-02 
 5.75439937e+06  1.76830883e-02 
 5.88843655e+06  1.64205798e-02 
 6.02559586e+06  1.52048125e-02 
 6.16595002e+06  1.40383651e-02 
 6.30957344e+06  1.29218088e-02 
 6.45654229e+06  1.18544057e-02 
 6.60693448e+06  1.08346507e-02 
 6.76082975e+06  9.86069637e-03 
 6.91830971e+06  8.93069917e-03 
 7.07945784e+06  8.04313424e-03 
 7.24435960e+06  7.19712995e-03 
 7.41310241e+06  6.39289311e-03 
 7.58577575e+06  5.63233124e-03 
 7.76247117e+06  4.92004222e-03 
 7.94328235e+06  4.26493282e-03 
 8.12830516e+06  3.68276776e-03 
 8.31763771e+06  3.19952389e-03 
 8.51138038e+06  2.85324938e-03 
 8.70963590e+06  2.68715210e-03 
 8.91250938e+06  2.72729034e-03 
 9.12010839e+06  2.96152763e-03 
 9.33254301e+06  3.34840042e-03 
 9.54992586e+06  3.84332072e-03 
 9.77237221e+06  4.41306515e-03 
 1.00000000e+07  5.03668450e-03 
 1.02329299e+07  5.70200928e-03 
 1.04712855e+07  6.40230002e-03 
 1.07151931e+07  7.13379061e-03 
 1.09647820e+07  7.89373575e-03 
 1.12201845e+07  8.67837292e-03 
 1.14815362e+07  9.48014500e-03 
 1.17489755e+07  1.02834887e-02 
 1.20226443e+07  1.10588111e-02 
 1.23026877e+07  1.17559430e-02 
 1.25892541e+07  1.23029095e-02 
 1.28824955e+07  1.26222332e-02 
 1.31825674e+07  1.26735200e-02 
 1.34896288e+07  1.25009186e-02 
 1.38038426e+07  1.22329335e-02 
 1.41253754e+07  1.20187886e-02 
 1.44543977e+07  1.19590941e-02 
 1.47910839e+07  1.20852078e-02 
 1.51356125e+07  1.23803553e-02 
 1.54881662e+07  1.28089417e-02 
 1.58489319e+07  1.33353089e-02 
 1.62181010e+07  1.39310318e-02 
 1.65958691e+07  1.45758035e-02 
 1.69824365e+07  1.52559771e-02 
 1.73780083e+07  1.59627443e-02 
 1.77827941e+07  1.66906218e-02 
 1.81970086e+07  1.74363577e-02 
 1.86208714e+07  1.81981878e-02 
 1.90546072e+07  1.89753470e-02 
 1.94984460e+07  1.97677528e-02 
 1.99526231e+07  2.05758032e-02 
 2.04173794e+07  2.14002500e-02 
 2.08929613e+07  2.22421225e-02 
 2.13796209e+07  2.31026845e-02 
 2.18776162e+07  2.39834156e-02 
 2.23872114e+07  2.48860100e-02 
 2.29086765e+07  2.58123898e-02 
 2.34422882e+07  2.67647311e-02 
 2.39883292e+07  2.77455025e-02 
 2.45470892e+07  2.87575186e-02 
 2.51188643e+07  2.98040087e-02 
 2.57039578e+07  3.08887070e-02 
 2.63026799e+07  3.20159677e-02 
 2.69153480e+07  3.31909148e-02 
 2.75422870e+07  3.44196356e-02 
 2.81838293e+07  3.57094351e-02 
 2.88403150e+07  3.70691712e-02 
 2.95120923e+07  3.85097007e-02 
 3.01995172e+07  4.00444777e-02 
 3.09029543e+07  4.16903603e-02 
 3.16227766e+07  4.34686997e-02 
 3.23593657e+07  4.54068014e-02 
 3.31131121e+07  4.75398403e-02 
 3.38844156e+07  4.99132120e-02 
 3.46736850e+07  5.25849191e-02 
 3.54813389e+07  5.56263049e-02 
 3.63078055e+07  5.91154366e-02 
 3.71535229e+07  6.31052420e-02 
 3.80189396e+07  6.75135543e-02 
 3.89045145e+07  7.18013542e-02 
 3.98107171e+07  7.42678974e-02 
 4.07380278e+07  7.16339200e-02 
 4.16869383e+07  6.19632194e-02 
 4.26579519e+07  4.91766845e-02 
 4.36515832e+07  3.91011482e-02 
 4.46683592e+07  3.38789179e-02 
 4.57088190e+07  3.25811716e-02 
 4.67735141e+07  3.35012106e-02 
 4.78630092e+07  3.54116528e-02 
 4.89778819e+07  3.76847565e-02 
 5.01187234e+07  4.00470164e-02 
 5.12861384e+07  4.23906997e-02 
 5.24807460e+07  4.46795742e-02 
 5.37031796e+07  4.69071123e-02 
 5.49540874e+07  4.90785182e-02 
 5.62341325e+07  5.12030531e-02 
 5.75439937e+07  5.32908027e-02 
 5.88843655e+07  5.53513800e-02 
 6.02559586e+07  5.73934718e-02 
 6.16595002e+07  5.94247488e-02 
 6.30957344e+07  6.14519257e-02 
 6.45654229e+07  6.34808715e-02 
 6.60693448e+07  6.55167319e-02 
 6.76082975e+07  6.75640430e-02 
 6.91830971e+07  6.96268322e-02 
 7.07945784e+07  7.17087037e-02 
 7.24435960e+07  7.38129108e-02 
 7.41310241e+07  7.59424159e-02 
 7.58577575e+07  7.80999404e-02 
 7.76247117e+07  8.02880063e-02 
 7.94328235e+07  8.25089701e-02 
 8.12830516e+07  8.47650521e-02 
 8.31763771e+07  8.70583598e-02 
 8.51138038e+07  8.93909086e-02 
 8.70963590e+07  9.17646382e-02 
 8.91250938e+07  9.41814275e-02 
 9.12010839e+07  9.66431067e-02 
 9.33254301e+07  9.91514676e-02 
 9.54992586e+07  1.01708273e-01 
 9.77237221e+07  1.04315264e-01 
 1.00000000e+08  1.06974167e-01 
 1.02329299e+08  1.09686701e-01 
 1.04712855e+08  1.12454581e-01 
 1.07151931e+08  1.15279522e-01 
 1.09647820e+08  1.18163246e-01 
 1.12201845e+08  1.21107485e-01 
 1.14815362e+08  1.24113981e-01 
 1.17489755e+08  1.27184494e-01 
 1.20226443e+08  1.30320801e-01 
 1.23026877e+08  1.33524701e-01 
 1.25892541e+08  1.36798015e-01 
 1.28824955e+08  1.40142592e-01 
 1.31825674e+08  1.43560307e-01 
 1.34896288e+08  1.47053066e-01 
 1.38038426e+08  1.50622804e-01 
 1.41253754e+08  1.54271493e-01 
 1.44543977e+08  1.58001139e-01 
 1.47910839e+08  1.61813784e-01 
 1.51356125e+08  1.65711508e-01 
 1.54881662e+08  1.69696434e-01 
 1.58489319e+08  1.73770725e-01 
 1.62181010e+08  1.77936587e-01 
 1.65958691e+08  1.82196270e-01 
 1.69824365e+08  1.86552074e-01 
 1.73780083e+08  1.91006342e-01 
 1.77827941e+08  1.95561471e-01 
 1.81970086e+08  2.00219905e-01 
 1.86208714e+08  2.04984143e-01 
 1.90546072e+08  2.09856737e-01 
 1.94984460e+08  2.14840294e-01 
 1.99526231e+08  2.19937479e-01 
 2.04173794e+08  2.25151015e-01 
 2.08929613e+08  2.30483685e-01 
 2.13796209e+08  2.35938333e-01 
 2.18776162e+08  2.41517869e-01 
 2.23872114e+08  2.47225266e-01 
 2.29086765e+08  2.53063563e-01 
 2.34422882e+08  2.59035869e-01 
 2.39883292e+08  2.65145363e-01 
 2.45470892e+08  2.71395295e-01 
 2.51188643e+08  2.77788989e-01 
 2.57039578e+08  2.84329844e-01 
 2.63026799e+08  2.91021337e-01 
 2.69153480e+08  2.97867025e-01 
 2.75422870e+08  3.04870545e-01 
 2.81838293e+08  3.12035616e-01 
 2.88403150e+08  3.19366046e-01 
 2.95120923e+08  3.26865725e-01 
 3.01995172e+08  3.34538638e-01 
 3.09029543e+08  3.42388856e-01 
 3.16227766e+08  3.50420548e-01 
 3.23593657e+08  3.58637976e-01 
 3.31131121e+08  3.67045501e-01 
 3.38844156e+08  3.75647585e-01 
 3.46736850e+08  3.84448794e-01 
 3.54813389e+08  3.93453796e-01 
 3.63078055e+08  4.02667369e-01 
 3.71535229e+08  4.12094402e-01 
 3.80189396e+08  4.21739895e-01 
 3.89045145e+08  4.31608966e-01 
 3.98107171e+08  4.41706849e-01 
 4.07380278e+08  4.52038901e-01 
 4.16869383e+08  4.62610602e-01 
 4.26579519e+08  4.73427558e-01 
 4.36515832e+08  4.84495508e-01 
 4.46683592e+08  4.95820321e-01 
 4.57088190e+08  5.07408003e-01 
 4.67735141e+08  5.19264700e-01 
 4.78630092e+08  5.31396699e-01 
 4.89778819e+08  5.43810435e-01 
 5.01187234e+08  5.56512490e-01 
 5.12861384e+08  5.69509600e-01 
 5.24807460e+08  5.82808658e-01 
 5.37031796e+08  5.96416716e-01 
 5.49540874e+08  6.10340990e-01 
 5.62341325e+08  6.24588863e-01 
 5.75439937e+08  6.39167891e-01 
 5.88843655e+08  6.54085804e-01 
 6.02559586e+08  6.69350513e-01 
 6.16595002e+08  6.84970113e-01 
 6.30957344e+08  7.00952884e-01 
 6.45654229e+08  7.17307302e-01 
 6.60693448e+08  7.34042040e-01 
 6.76082975e+08  7.51165969e-01 
 6.91830971e+08  7.68688171e-01 
 7.07945784e+08  7.86617936e-01 
 7.24435960e+08  8.04964770e-01 
 7.41310241e+08  8.23738403e-01 
 7.58577575e+08  8.42948788e-01 
 7.76247117e+08  8.62606112e-01 
 7.94328235e+08  8.82720796e-01 
 8.12830516e+08  9.03303508e-01 
 8.31763771e+08  9.24365159e-01 
 8.51138038e+08  9.45916918e-01 
 8.70963590e+08  9.67970211e-01 
 8.91250938e+08  9.90536732e-01 
 9.12010839e+08  1.01362845e+00 
 9.33254301e+08  1.03725760e+00 
 9.54992586e+08  1.06143671e+00 
 9.77237221e+08  1.08617862e+00 
 1.00000000e+09  1.11149642e+00 
