 1.00000000e+01  5.00000005e-02 
 1.02329299e+01  5.00000005e-02 
 1.04712855e+01  5.00000005e-02 
 1.07151931e+01  5.00000006e-02 
 1.09647820e+01  5.00000006e-02 
 1.12201845e+01  5.00000006e-02 
 1.14815362e+01  5.00000007e-02 
 1.17489755e+01  5.00000007e-02 
 1.20226443e+01  5.00000007e-02 
 1.23026877e+01  5.00000008e-02 
 1.25892541e+01  5.00000008e-02 
 1.28824955e+01  5.00000008e-02 
 1.31825674e+01  5.00000009e-02 
 1.34896288e+01  5.00000009e-02 
 1.38038426e+01  5.00000009e-02 
 1.41253754e+01  5.00000010e-02 
 1.44543977e+01  5.00000010e-02 
 1.47910839e+01  5.00000011e-02 
 1.51356125e+01  5.00000011e-02 
 1.54881662e+01  5.00000012e-02 
 1.58489319e+01  5.00000013e-02 
 1.62181010e+01  5.00000013e-02 
 1.65958691e+01  5.00000014e-02 
 1.69824365e+01  5.00000014e-02 
 1.73780083e+01  5.00000015e-02 
 1.77827941e+01  5.00000016e-02 
 1.81970086e+01  5.00000017e-02 
 1.86208714e+01  5.00000017e-02 
 1.90546072e+01  5.00000018e-02 
 1.94984460e+01  5.00000019e-02 
 1.99526231e+01  5.00000020e-02 
 2.04173794e+01  5.00000021e-02 
 2.08929613e+01  5.00000022e-02 
 2.13796209e+01  5.00000023e-02 
 2.18776162e+01  5.00000024e-02 
 2.23872114e+01  5.00000025e-02 
 2.29086765e+01  5.00000026e-02 
 2.34422882e+01  5.00000027e-02 
 2.39883292e+01  5.00000029e-02 
 2.45470892e+01  5.00000030e-02 
 2.51188643e+01  5.00000031e-02 
 2.57039578e+01  5.00000033e-02 
 2.63026799e+01  5.00000034e-02 
 2.69153480e+01  5.00000036e-02 
 2.75422870e+01  5.00000038e-02 
 2.81838293e+01  5.00000040e-02 
 2.88403150e+01  5.00000041e-02 
 2.95120923e+01  5.00000043e-02 
 3.01995172e+01  5.00000045e-02 
 3.09029543e+01  5.00000048e-02 
 3.16227766e+01  5.00000050e-02 
 3.23593657e+01  5.00000052e-02 
 3.31131121e+01  5.00000055e-02 
 3.38844156e+01  5.00000057e-02 
 3.46736850e+01  5.00000060e-02 
 3.54813389e+01  5.00000063e-02 
 3.63078055e+01  5.00000066e-02 
 3.71535229e+01  5.00000069e-02 
 3.80189396e+01  5.00000072e-02 
 3.89045145e+01  5.00000075e-02 
 3.98107171e+01  5.00000079e-02 
 4.07380278e+01  5.00000083e-02 
 4.16869383e+01  5.00000087e-02 
 4.26579519e+01  5.00000091e-02 
 4.36515832e+01  5.00000095e-02 
 4.46683592e+01  5.00000099e-02 
 4.57088190e+01  5.00000104e-02 
 4.67735141e+01  5.00000109e-02 
 4.78630092e+01  5.00000114e-02 
 4.89778819e+01  5.00000120e-02 
 5.01187234e+01  5.00000125e-02 
 5.12861384e+01  5.00000131e-02 
 5.24807460e+01  5.00000137e-02 
 5.37031796e+01  5.00000144e-02 
 5.49540874e+01  5.00000151e-02 
 5.62341325e+01  5.00000158e-02 
 5.75439937e+01  5.00000165e-02 
 5.88843655e+01  5.00000173e-02 
 6.02559586e+01  5.00000181e-02 
 6.16595002e+01  5.00000189e-02 
 6.30957344e+01  5.00000198e-02 
 6.45654229e+01  5.00000208e-02 
 6.60693448e+01  5.00000218e-02 
 6.76082975e+01  5.00000228e-02 
 6.91830971e+01  5.00000239e-02 
 7.07945784e+01  5.00000250e-02 
 7.24435960e+01  5.00000262e-02 
 7.41310241e+01  5.00000274e-02 
 7.58577575e+01  5.00000287e-02 
 7.76247117e+01  5.00000300e-02 
 7.94328235e+01  5.00000314e-02 
 8.12830516e+01  5.00000329e-02 
 8.31763771e+01  5.00000345e-02 
 8.51138038e+01  5.00000361e-02 
 8.70963590e+01  5.00000378e-02 
 8.91250938e+01  5.00000396e-02 
 9.12010839e+01  5.00000415e-02 
 9.33254301e+01  5.00000434e-02 
 9.54992586e+01  5.00000455e-02 
 9.77237221e+01  5.00000476e-02 
 1.00000000e+02  5.00000498e-02 
 1.02329299e+02  5.00000522e-02 
 1.04712855e+02  5.00000547e-02 
 1.07151931e+02  5.00000572e-02 
 1.09647820e+02  5.00000599e-02 
 1.12201845e+02  5.00000627e-02 
 1.14815362e+02  5.00000657e-02 
 1.17489755e+02  5.00000688e-02 
 1.20226443e+02  5.00000720e-02 
 1.23026877e+02  5.00000754e-02 
 1.25892541e+02  5.00000790e-02 
 1.28824955e+02  5.00000827e-02 
 1.31825674e+02  5.00000866e-02 
 1.34896288e+02  5.00000907e-02 
 1.38038426e+02  5.00000950e-02 
 1.41253754e+02  5.00000994e-02 
 1.44543977e+02  5.00001041e-02 
 1.47910839e+02  5.00001090e-02 
 1.51356125e+02  5.00001142e-02 
 1.54881662e+02  5.00001196e-02 
 1.58489319e+02  5.00001252e-02 
 1.62181010e+02  5.00001311e-02 
 1.65958691e+02  5.00001373e-02 
 1.69824365e+02  5.00001437e-02 
 1.73780083e+02  5.00001505e-02 
 1.77827941e+02  5.00001576e-02 
 1.81970086e+02  5.00001650e-02 
 1.86208714e+02  5.00001728e-02 
 1.90546072e+02  5.00001810e-02 
 1.94984460e+02  5.00001895e-02 
 1.99526231e+02  5.00001984e-02 
 2.04173794e+02  5.00002078e-02 
 2.08929613e+02  5.00002176e-02 
 2.13796209e+02  5.00002278e-02 
 2.18776162e+02  5.00002386e-02 
 2.23872114e+02  5.00002498e-02 
 2.29086765e+02  5.00002616e-02 
 2.34422882e+02  5.00002739e-02 
 2.39883292e+02  5.00002868e-02 
 2.45470892e+02  5.00003003e-02 
 2.51188643e+02  5.00003145e-02 
 2.57039578e+02  5.00003293e-02 
 2.63026799e+02  5.00003448e-02 
 2.69153480e+02  5.00003611e-02 
 2.75422870e+02  5.00003781e-02 
 2.81838293e+02  5.00003959e-02 
 2.88403150e+02  5.00004146e-02 
 2.95120923e+02  5.00004341e-02 
 3.01995172e+02  5.00004546e-02 
 3.09029543e+02  5.00004760e-02 
 3.16227766e+02  5.00004984e-02 
 3.23593657e+02  5.00005219e-02 
 3.31131121e+02  5.00005465e-02 
 3.38844156e+02  5.00005723e-02 
 3.46736850e+02  5.00005992e-02 
 3.54813389e+02  5.00006275e-02 
 3.63078055e+02  5.00006571e-02 
 3.71535229e+02  5.00006880e-02 
 3.80189396e+02  5.00007204e-02 
 3.89045145e+02  5.00007544e-02 
 3.98107171e+02  5.00007900e-02 
 4.07380278e+02  5.00008272e-02 
 4.16869383e+02  5.00008662e-02 
 4.26579519e+02  5.00009070e-02 
 4.36515832e+02  5.00009497e-02 
 4.46683592e+02  5.00009945e-02 
 4.57088190e+02  5.00010414e-02 
 4.67735141e+02  5.00010904e-02 
 4.78630092e+02  5.00011418e-02 
 4.89778819e+02  5.00011956e-02 
 5.01187234e+02  5.00012520e-02 
 5.12861384e+02  5.00013110e-02 
 5.24807460e+02  5.00013728e-02 
 5.37031796e+02  5.00014375e-02 
 5.49540874e+02  5.00015052e-02 
 5.62341325e+02  5.00015762e-02 
 5.75439937e+02  5.00016504e-02 
 5.88843655e+02  5.00017282e-02 
 6.02559586e+02  5.00018097e-02 
 6.16595002e+02  5.00018950e-02 
 6.30957344e+02  5.00019843e-02 
 6.45654229e+02  5.00020778e-02 
 6.60693448e+02  5.00021757e-02 
 6.76082975e+02  5.00022782e-02 
 6.91830971e+02  5.00023856e-02 
 7.07945784e+02  5.00024980e-02 
 7.24435960e+02  5.00026158e-02 
 7.41310241e+02  5.00027391e-02 
 7.58577575e+02  5.00028681e-02 
 7.76247117e+02  5.00030033e-02 
 7.94328235e+02  5.00031449e-02 
 8.12830516e+02  5.00032931e-02 
 8.31763771e+02  5.00034483e-02 
 8.51138038e+02  5.00036108e-02 
 8.70963590e+02  5.00037809e-02 
 8.91250938e+02  5.00039591e-02 
 9.12010839e+02  5.00041457e-02 
 9.33254301e+02  5.00043411e-02 
 9.54992586e+02  5.00045457e-02 
 9.77237221e+02  5.00047599e-02 
 1.00000000e+03  5.00049842e-02 
 1.02329299e+03  5.00052191e-02 
 1.04712855e+03  5.00054651e-02 
 1.07151931e+03  5.00057227e-02 
 1.09647820e+03  5.00059924e-02 
 1.12201845e+03  5.00062748e-02 
 1.14815362e+03  5.00065705e-02 
 1.17489755e+03  5.00068801e-02 
 1.20226443e+03  5.00072044e-02 
 1.23026877e+03  5.00075439e-02 
 1.25892541e+03  5.00078994e-02 
 1.28824955e+03  5.00082717e-02 
 1.31825674e+03  5.00086615e-02 
 1.34896288e+03  5.00090697e-02 
 1.38038426e+03  5.00094972e-02 
 1.41253754e+03  5.00099447e-02 
 1.44543977e+03  5.00104134e-02 
 1.47910839e+03  5.00109042e-02 
 1.51356125e+03  5.00114181e-02 
 1.54881662e+03  5.00119562e-02 
 1.58489319e+03  5.00125196e-02 
 1.62181010e+03  5.00131096e-02 
 1.65958691e+03  5.00137274e-02 
 1.69824365e+03  5.00143744e-02 
 1.73780083e+03  5.00150518e-02 
 1.77827941e+03  5.00157611e-02 
 1.81970086e+03  5.00165039e-02 
 1.86208714e+03  5.00172817e-02 
 1.90546072e+03  5.00180961e-02 
 1.94984460e+03  5.00189489e-02 
 1.99526231e+03  5.00198419e-02 
 2.04173794e+03  5.00207770e-02 
 2.08929613e+03  5.00217561e-02 
 2.13796209e+03  5.00227814e-02 
 2.18776162e+03  5.00238550e-02 
 2.23872114e+03  5.00249792e-02 
 2.29086765e+03  5.00261564e-02 
 2.34422882e+03  5.00273890e-02 
 2.39883292e+03  5.00286797e-02 
 2.45470892e+03  5.00300313e-02 
 2.51188643e+03  5.00314465e-02 
 2.57039578e+03  5.00329284e-02 
 2.63026799e+03  5.00344802e-02 
 2.69153480e+03  5.00361051e-02 
 2.75422870e+03  5.00378065e-02 
 2.81838293e+03  5.00395881e-02 
 2.88403150e+03  5.00414537e-02 
 2.95120923e+03  5.00434071e-02 
 3.01995172e+03  5.00454526e-02 
 3.09029543e+03  5.00475945e-02 
 3.16227766e+03  5.00498373e-02 
 3.23593657e+03  5.00521858e-02 
 3.31131121e+03  5.00546450e-02 
 3.38844156e+03  5.00572200e-02 
 3.46736850e+03  5.00599163e-02 
 3.54813389e+03  5.00627397e-02 
 3.63078055e+03  5.00656961e-02 
 3.71535229e+03  5.00687918e-02 
 3.80189396e+03  5.00720333e-02 
 3.89045145e+03  5.00754276e-02 
 3.98107171e+03  5.00789817e-02 
 4.07380278e+03  5.00827033e-02 
 4.16869383e+03  5.00866003e-02 
 4.26579519e+03  5.00906808e-02 
 4.36515832e+03  5.00949536e-02 
 4.46683592e+03  5.00994276e-02 
 4.57088190e+03  5.01041124e-02 
 4.67735141e+03  5.01090179e-02 
 4.78630092e+03  5.01141544e-02 
 4.89778819e+03  5.01195329e-02 
 5.01187234e+03  5.01251648e-02 
 5.12861384e+03  5.01310619e-02 
 5.24807460e+03  5.01372368e-02 
 5.37031796e+03  5.01437025e-02 
 5.49540874e+03  5.01504728e-02 
 5.62341325e+03  5.01575618e-02 
 5.75439937e+03  5.01649848e-02 
 5.88843655e+03  5.01727573e-02 
 6.02559586e+03  5.01808959e-02 
 6.16595002e+03  5.01894177e-02 
 6.30957344e+03  5.01983408e-02 
 6.45654229e+03  5.02076840e-02 
 6.60693448e+03  5.02174672e-02 
 6.76082975e+03  5.02277110e-02 
 6.91830971e+03  5.02384370e-02 
 7.07945784e+03  5.02496681e-02 
 7.24435960e+03  5.02614278e-02 
 7.41310241e+03  5.02737411e-02 
 7.58577575e+03  5.02866341e-02 
 7.76247117e+03  5.03001338e-02 
 7.94328235e+03  5.03142690e-02 
 8.12830516e+03  5.03290694e-02 
 8.31763771e+03  5.03445663e-02 
 8.51138038e+03  5.03607925e-02 
 8.70963590e+03  5.03777821e-02 
 8.91250938e+03  5.03955712e-02 
 9.12010839e+03  5.04141971e-02 
 9.33254301e+03  5.04336993e-02 
 9.54992586e+03  5.04541188e-02 
 9.77237221e+03  5.04754988e-02 
 1.00000000e+04  5.04978844e-02 
 1.02329299e+04  5.05213226e-02 
 1.04712855e+04  5.05458630e-02 
 1.07151931e+04  5.05715572e-02 
 1.09647820e+04  5.05984594e-02 
 1.12201845e+04  5.06266262e-02 
 1.14815362e+04  5.06561169e-02 
 1.17489755e+04  5.06869935e-02 
 1.20226443e+04  5.07193212e-02 
 1.23026877e+04  5.07531677e-02 
 1.25892541e+04  5.07886044e-02 
 1.28824955e+04  5.08257056e-02 
 1.31825674e+04  5.08645493e-02 
 1.34896288e+04  5.09052171e-02 
 1.38038426e+04  5.09477944e-02 
 1.41253754e+04  5.09923704e-02 
 1.44543977e+04  5.10390388e-02 
 1.47910839e+04  5.10878972e-02 
 1.51356125e+04  5.11390482e-02 
 1.54881662e+04  5.11925989e-02 
 1.58489319e+04  5.12486612e-02 
 1.62181010e+04  5.13073527e-02 
 1.65958691e+04  5.13687959e-02 
 1.69824365e+04  5.14331194e-02 
 1.73780083e+04  5.15004575e-02 
 1.77827941e+04  5.15709509e-02 
 1.81970086e+04  5.16447466e-02 
 1.86208714e+04  5.17219986e-02 
 1.90546072e+04  5.18028679e-02 
 1.94984460e+04  5.18875230e-02 
 1.99526231e+04  5.19761401e-02 
 2.04173794e+04  5.20689037e-02 
 2.08929613e+04  5.21660067e-02 
 2.13796209e+04  5.22676509e-02 
 2.18776162e+04  5.23740476e-02 
 2.23872114e+04  5.24854175e-02 
 2.29086765e+04  5.26019917e-02 
 2.34422882e+04  5.27240122e-02 
 2.39883292e+04  5.28517316e-02 
 2.45470892e+04  5.29854148e-02 
 2.51188643e+04  5.31253384e-02 
 2.57039578e+04  5.32717922e-02 
 2.63026799e+04  5.34250791e-02 
 2.69153480e+04  5.35855161e-02 
 2.75422870e+04  5.37534351e-02 
 2.81838293e+04  5.39291830e-02 
 2.88403150e+04  5.41131232e-02 
 2.95120923e+04  5.43056357e-02 
 3.01995172e+04  5.45071183e-02 
 3.09029543e+04  5.47179875e-02 
 3.16227766e+04  5.49386792e-02 
 3.23593657e+04  5.51696496e-02 
 3.31131121e+04  5.54113766e-02 
 3.38844156e+04  5.56643606e-02 
 3.46736850e+04  5.59291255e-02 
 3.54813389e+04  5.62062206e-02 
 3.63078055e+04  5.64962209e-02 
 3.71535229e+04  5.67997295e-02 
 3.80189396e+04  5.71173783e-02 
 3.89045145e+04  5.74498302e-02 
 3.98107171e+04  5.77977801e-02 
 4.07380278e+04  5.81619577e-02 
 4.16869383e+04  5.85431285e-02 
 4.26579519e+04  5.89420965e-02 
 4.36515832e+04  5.93597062e-02 
 4.46683592e+04  5.97968452e-02 
 4.57088190e+04  6.02544470e-02 
 4.67735141e+04  6.07334936e-02 
 4.78630092e+04  6.12350185e-02 
 4.89778819e+04  6.17601106e-02 
 5.01187234e+04  6.23099177e-02 
 5.12861384e+04  6.28856500e-02 
 5.24807460e+04  6.34885855e-02 
 5.37031796e+04  6.41200736e-02 
 5.49540874e+04  6.47815415e-02 
 5.62341325e+04  6.54744990e-02 
 5.75439937e+04  6.62005455e-02 
 5.88843655e+04  6.69613764e-02 
 6.02559586e+04  6.77587909e-02 
 6.16595002e+04  6.85947006e-02 
 6.30957344e+04  6.94711382e-02 
 6.45654229e+04  7.03902681e-02 
 6.60693448e+04  7.13543977e-02 
 6.76082975e+04  7.23659893e-02 
 6.91830971e+04  7.34276743e-02 
 7.07945784e+04  7.45422682e-02 
 7.24435960e+04  7.57127878e-02 
 7.41310241e+04  7.69424693e-02 
 7.58577575e+04  7.82347896e-02 
 7.76247117e+04  7.95934892e-02 
 7.94328235e+04  8.10225979e-02 
 8.12830516e+04  8.25264632e-02 
 8.31763771e+04  8.41097823e-02 
 8.51138038e+04  8.57776372e-02 
 8.70963590e+04  8.75355340e-02 
 8.91250938e+04  8.93894469e-02 
 9.12010839e+04  9.13458666e-02 
 9.33254301e+04  9.34118541e-02 
 9.54992586e+04  9.55951010e-02 
 9.77237221e+04  9.79039954e-02 
 1.00000000e+05  1.00347695e-01 
 1.02329299e+05  1.02936206e-01 
 1.04712855e+05  1.05680473e-01 
 1.07151931e+05  1.08592471e-01 
 1.09647820e+05  1.11685306e-01 
 1.12201845e+05  1.14973324e-01 
 1.14815362e+05  1.18472214e-01 
 1.17489755e+05  1.22199119e-01 
 1.20226443e+05  1.26172735e-01 
 1.23026877e+05  1.30413386e-01 
 1.25892541e+05  1.34943074e-01 
 1.28824955e+05  1.39785472e-01 
 1.31825674e+05  1.44965819e-01 
 1.34896288e+05  1.50510691e-01 
 1.38038426e+05  1.56447557e-01 
 1.41253754e+05  1.62804047e-01 
 1.44543977e+05  1.69606777e-01 
 1.47910839e+05  1.76879574e-01 
 1.51356125e+05  1.84640850e-01 
 1.54881662e+05  1.92899837e-01 
 1.58489319e+05  2.01651331e-01 
 1.62181010e+05  2.10868589e-01 
 1.65958691e+05  2.20494106e-01 
 1.69824365e+05  2.30428286e-01 
 1.73780083e+05  2.40516646e-01 
 1.77827941e+05  2.50537268e-01 
 1.81970086e+05  2.60191851e-01 
 1.86208714e+05  2.69105537e-01 
 1.90546072e+05  2.76841912e-01 
 1.94984460e+05  2.82938500e-01 
 1.99526231e+05  2.86963149e-01 
 2.04173794e+05  2.88582833e-01 
 2.08929613e+05  2.87627022e-01 
 2.13796209e+05  2.84124302e-01 
 2.18776162e+05  2.78298133e-01 
 2.23872114e+05  2.70523088e-01 
 2.29086765e+05  2.61257716e-01 
 2.34422882e+05  2.50975700e-01 
 2.39883292e+05  2.40112144e-01 
 2.45470892e+05  2.29031911e-01 
 2.51188643e+05  2.18018362e-01 
 2.57039578e+05  2.07276476e-01 
 2.63026799e+05  1.96943795e-01 
 2.69153480e+05  1.87104138e-01 
 2.75422870e+05  1.77800952e-01 
 2.81838293e+05  1.69048810e-01 
 2.88403150e+05  1.60842575e-01 
 2.95120923e+05  1.53164328e-01 
 3.01995172e+05  1.45988422e-01 
 3.09029543e+05  1.39285024e-01 
 3.16227766e+05  1.33022544e-01 
 3.23593657e+05  1.27169237e-01 
 3.31131121e+05  1.21694225e-01 
 3.38844156e+05  1.16568112e-01 
 3.46736850e+05  1.11763314e-01 
 3.54813389e+05  1.07254217e-01 
 3.63078055e+05  1.03017202e-01 
 3.71535229e+05  9.90305996e-02 
 3.80189396e+05  9.52745980e-02 
 3.89045145e+05  9.17311257e-02 
 3.98107171e+05  8.83837225e-02 
 4.07380278e+05  8.52174077e-02 
 4.16869383e+05  8.22185514e-02 
 4.26579519e+05  7.93747518e-02 
 4.36515832e+05  7.66747205e-02 
 4.46683592e+05  7.41081764e-02 
 4.57088190e+05  7.16657488e-02 
 4.67735141e+05  6.93388894e-02 
 4.78630092e+05  6.71197925e-02 
 4.89778819e+05  6.50013231e-02 
 5.01187234e+05  6.29769522e-02 
 5.12861384e+05  6.10406986e-02 
 5.24807460e+05  5.91870772e-02 
 5.37031796e+05  5.74110517e-02 
 5.49540874e+05  5.57079932e-02 
 5.62341325e+05  5.40736426e-02 
 5.75439937e+05  5.25040768e-02 
 5.88843655e+05  5.09956785e-02 
 6.02559586e+05  4.95451093e-02 
 6.16595002e+05  4.81492854e-02 
 6.30957344e+05  4.68053557e-02 
 6.45654229e+05  4.55106825e-02 
 6.60693448e+05  4.42628232e-02 
 6.76082975e+05  4.30595154e-02 
 6.91830971e+05  4.18986619e-02 
 7.07945784e+05  4.07783186e-02 
 7.24435960e+05  3.96966823e-02 
 7.41310241e+05  3.86520808e-02 
 7.58577575e+05  3.76429637e-02 
 7.76247117e+05  3.66678935e-02 
 7.94328235e+05  3.57255390e-02 
 8.12830516e+05  3.48146677e-02 
 8.31763771e+05  3.39341404e-02 
 8.51138038e+05  3.30829059e-02 
 8.70963590e+05  3.22599960e-02 
 8.91250938e+05  3.14645213e-02 
 9.12010839e+05  3.06956679e-02 
 9.33254301e+05  2.99526939e-02 
 9.54992586e+05  2.92349270e-02 
 9.77237221e+05  2.85417615e-02 
 1.00000000e+06  2.78726569e-02 
 1.02329299e+06  2.72271361e-02 
 1.04712855e+06  2.66047840e-02 
 1.07151931e+06  2.60052463e-02 
 1.09647820e+06  2.54282290e-02 
 1.12201845e+06  2.48734976e-02 
 1.14815362e+06  2.43408770e-02 
 1.17489755e+06  2.38302508e-02 
 1.20226443e+06  2.33415620e-02 
 1.23026877e+06  2.28748121e-02 
 1.25892541e+06  2.24300619e-02 
 1.28824955e+06  2.20074312e-02 
 1.31825674e+06  2.16070991e-02 
 1.34896288e+06  2.12293037e-02 
 1.38038426e+06  2.08743418e-02 
 1.41253754e+06  2.05425692e-02 
 1.44543977e+06  2.02343992e-02 
 1.47910839e+06  1.99503022e-02 
 1.51356125e+06  1.96908045e-02 
 1.54881662e+06  1.94564866e-02 
 1.58489319e+06  1.92479811e-02 
 1.62181010e+06  1.90659711e-02 
 1.65958691e+06  1.89111874e-02 
 1.69824365e+06  1.87844057e-02 
 1.73780083e+06  1.86864442e-02 
 1.77827941e+06  1.86181606e-02 
 1.81970086e+06  1.85804501e-02 
 1.86208714e+06  1.85742428e-02 
 1.90546072e+06  1.86005024e-02 
 1.94984460e+06  1.86602253e-02 
 1.99526231e+06  1.87544403e-02 
 2.04173794e+06  1.88842097e-02 
 2.08929613e+06  1.90506303e-02 
 2.13796209e+06  1.92548360e-02 
 2.18776162e+06  1.94979996e-02 
 2.23872114e+06  1.97813350e-02 
 2.29086765e+06  2.01060978e-02 
 2.34422882e+06  2.04735833e-02 
 2.39883292e+06  2.08851209e-02 
 2.45470892e+06  2.13420617e-02 
 2.51188643e+06  2.18457568e-02 
 2.57039578e+06  2.23975228e-02 
 2.63026799e+06  2.29985885e-02 
 2.69153480e+06  2.36500175e-02 
 2.75422870e+06  2.43525968e-02 
 2.81838293e+06  2.51066828e-02 
 2.88403150e+06  2.59119899e-02 
 2.95120923e+06  2.67673090e-02 
 3.01995172e+06  2.76701383e-02 
 3.09029543e+06  2.86162128e-02 
 3.16227766e+06  2.95989217e-02 
 3.23593657e+06  3.06086175e-02 
 3.31131121e+06  3.16318451e-02 
 3.38844156e+06  3.26505570e-02 
 3.46736850e+06  3.36414456e-02 
 3.54813389e+06  3.45755923e-02 
 3.63078055e+06  3.54187108e-02 
 3.71535229e+06  3.61322965e-02 
 3.80189396e+06  3.66759331e-02 
 3.89045145e+06  3.70108043e-02 
 3.98107171e+06  3.71040930e-02 
 4.07380278e+06  3.69335150e-02 
 4.16869383e+06  3.64909250e-02 
 4.26579519e+06  3.57839746e-02 
 4.36515832e+06  3.48352723e-02 
 4.46683592e+06  3.36792394e-02 
 4.57088190e+06  3.23575224e-02 
 4.67735141e+06  3.09141102e-02 
 4.78630092e+06  2.93911509e-02 
 4.89778819e+06  2.78260327e-02 
 5.01187234e+06  2.62498300e-02 
 5.12861384e+06  2.46868989e-02 
 5.24807460e+06  2.31552638e-02 
 5.37031796e+06  2.16674483e-02 
 5.49540874e+06  2.02314738e-02 
 5.62341325e+06  1.88518517e-02 
 5.75439937e+06  1.75304697e-02 
 5.88843655e+06  1.62673344e-02 
 6.02559586e+06  1.50611673e-02 
 6.16595002e+06  1.39098678e-02 
 6.30957344e+06  1.28108688e-02 
 6.45654229e+06  1.17614075e-02 
 6.60693448e+06  1.07587389e-02 
 6.76082975e+06  9.80031396e-03 
 6.91830971e+06  8.88394849e-03 
 7.07945784e+06  8.00801148e-03 
 7.24435960e+06  7.17167221e-03 
 7.41310241e+06  6.37526615e-03 
 7.58577575e+06  5.62087820e-03 
 7.76247117e+06  4.91330805e-03 
 7.94328235e+06  4.26167599e-03 
 8.12830516e+06  3.68196861e-03 
 8.31763771e+06  3.20039907e-03 
 8.51138038e+06  2.85527821e-03 
 8.70963590e+06  2.69010567e-03 
 8.91250938e+06  2.73122198e-03 
 9.12010839e+06  2.96668746e-03 
 9.33254301e+06  3.35511434e-03 
 9.54992586e+06  3.85190604e-03 
 9.77237221e+06  4.42379793e-03 
 1.00000000e+07  5.04979585e-03 
 1.02329299e+07  5.71769172e-03 
 1.04712855e+07  6.42071517e-03 
 1.07151931e+07  7.15507419e-03 
 1.09647820e+07  7.91799646e-03 
 1.12201845e+07  8.70568049e-03 
 1.14815362e+07  9.51049934e-03 
 1.17489755e+07  1.03167584e-02 
 1.20226443e+07  1.10946299e-02 
 1.23026877e+07  1.17935725e-02 
 1.25892541e+07  1.23411368e-02 
 1.28824955e+07  1.26594651e-02 
 1.31825674e+07  1.27082171e-02 
 1.34896288e+07  1.25321929e-02 
 1.38038426e+07  1.22608190e-02 
 1.41253754e+07  1.20439826e-02 
 1.44543977e+07  1.19825015e-02 
 1.47910839e+07  1.21076323e-02 
 1.51356125e+07  1.24023929e-02 
 1.54881662e+07  1.28309897e-02 
 1.58489319e+07  1.33576115e-02 
 1.62181010e+07  1.39537264e-02 
 1.65958691e+07  1.45989569e-02 
 1.69824365e+07  1.52796110e-02 
 1.73780083e+07  1.59868523e-02 
 1.77827941e+07  1.67151807e-02 
 1.81970086e+07  1.74613345e-02 
 1.86208714e+07  1.82235446e-02 
 1.90546072e+07  1.90010443e-02 
 1.94984460e+07  1.97937510e-02 
 1.99526231e+07  2.06020642e-02 
 2.04173794e+07  2.14267380e-02 
 2.08929613e+07  2.22688045e-02 
 2.13796209e+07  2.31295305e-02 
 2.18776162e+07  2.40103992e-02 
 2.23872114e+07  2.49131082e-02 
 2.29086765e+07  2.58395833e-02 
 2.34422882e+07  2.67920044e-02 
 2.39883292e+07  2.77728440e-02 
 2.45470892e+07  2.87849208e-02 
 2.51188643e+07  2.98314685e-02 
 2.57039578e+07  3.09162258e-02 
 2.63026799e+07  3.20435521e-02 
 2.69153480e+07  3.32185768e-02 
 2.75422870e+07  3.44473938e-02 
 2.81838293e+07  3.57373151e-02 
 2.88403150e+07  3.70972071e-02 
 2.95120923e+07  3.85379370e-02 
 3.01995172e+07  4.00729711e-02 
 3.09029543e+07  4.17191830e-02 
 3.16227766e+07  4.34979431e-02 
 3.23593657e+07  4.54365817e-02 
 3.31131121e+07  4.75703051e-02 
 3.38844156e+07  4.99445493e-02 
 3.46736850e+07  5.26173667e-02 
 3.54813389e+07  5.56601574e-02 
 3.63078055e+07  5.91510355e-02 
 3.71535229e+07  6.31429051e-02 
 3.80189396e+07  6.75533174e-02 
 3.89045145e+07  7.18422245e-02 
 3.98107171e+07  7.43063780e-02 
 4.07380278e+07  7.16637596e-02 
 4.16869383e+07  6.19811390e-02 
 4.26579519e+07  4.91864131e-02 
 4.36515832e+07  3.91073356e-02 
 4.46683592e+07  3.38839313e-02 
 4.57088190e+07  3.25860066e-02 
 4.67735141e+07  3.35062752e-02 
 4.78630092e+07  3.54170866e-02 
 4.89778819e+07  3.76905767e-02 
 5.01187234e+07  4.00531894e-02 
 5.12861384e+07  4.23971748e-02 
 5.24807460e+07  4.46862975e-02 
 5.37031796e+07  4.69140331e-02 
 5.49540874e+07  4.90855912e-02 
 5.62341325e+07  5.12102385e-02 
 5.75439937e+07  5.32980665e-02 
 5.88843655e+07  5.53586930e-02 
 6.02559586e+07  5.74008088e-02 
 6.16595002e+07  5.94320887e-02 
 6.30957344e+07  6.14592501e-02 
 6.45654229e+07  6.34881651e-02 
 6.60693448e+07  6.55239816e-02 
 6.76082975e+07  6.75712376e-02 
 6.91830971e+07  6.96339623e-02 
 7.07945784e+07  7.17157611e-02 
 7.24435960e+07  7.38198888e-02 
 7.41310241e+07  7.59493089e-02 
 7.58577575e+07  7.81067436e-02 
 7.76247117e+07  8.02947157e-02 
 7.94328235e+07  8.25155826e-02 
 8.12830516e+07  8.47715650e-02 
 8.31763771e+07  8.70647711e-02 
 8.51138038e+07  8.93972165e-02 
 8.70963590e+07  9.17708417e-02 
 8.91250938e+07  9.41875257e-02 
 9.12010839e+07  9.66490990e-02 
 9.33254301e+07  9.91573538e-02 
 9.54992586e+07  1.01714053e-01 
 9.77237221e+07  1.04320938e-01 
 1.00000000e+08  1.06979736e-01 
 1.02329299e+08  1.09692165e-01 
 1.04712855e+08  1.12459940e-01 
 1.07151931e+08  1.15284778e-01 
 1.09647820e+08  1.18168400e-01 
 1.12201845e+08  1.21112537e-01 
 1.14815362e+08  1.24118933e-01 
 1.17489755e+08  1.27189347e-01 
 1.20226443e+08  1.30325556e-01 
 1.23026877e+08  1.33529359e-01 
 1.25892541e+08  1.36802579e-01 
 1.28824955e+08  1.40147062e-01 
 1.31825674e+08  1.43564684e-01 
 1.34896288e+08  1.47057352e-01 
 1.38038426e+08  1.50627001e-01 
 1.41253754e+08  1.54275602e-01 
 1.44543977e+08  1.58005161e-01 
 1.47910839e+08  1.61817720e-01 
 1.51356125e+08  1.65715361e-01 
 1.54881662e+08  1.69700205e-01 
 1.58489319e+08  1.73774415e-01 
 1.62181010e+08  1.77940197e-01 
 1.65958691e+08  1.82199803e-01 
 1.69824365e+08  1.86555530e-01 
 1.73780083e+08  1.91009724e-01 
 1.77827941e+08  1.95564779e-01 
 1.81970086e+08  2.00223142e-01 
 1.86208714e+08  2.04987309e-01 
 1.90546072e+08  2.09859834e-01 
 1.94984460e+08  2.14843323e-01 
 1.99526231e+08  2.19940442e-01 
 2.04173794e+08  2.25153912e-01 
 2.08929613e+08  2.30486518e-01 
 2.13796209e+08  2.35941104e-01 
 2.18776162e+08  2.41520579e-01 
 2.23872114e+08  2.47227916e-01 
 2.29086765e+08  2.53066154e-01 
 2.34422882e+08  2.59038403e-01 
 2.39883292e+08  2.65147841e-01 
 2.45470892e+08  2.71397717e-01 
 2.51188643e+08  2.77791357e-01 
 2.57039578e+08  2.84332159e-01 
 2.63026799e+08  2.91023601e-01 
 2.69153480e+08  2.97869238e-01 
 2.75422870e+08  3.04872709e-01 
 2.81838293e+08  3.12037732e-01 
 2.88403150e+08  3.19368114e-01 
 2.95120923e+08  3.26867747e-01 
 3.01995172e+08  3.34540614e-01 
 3.09029543e+08  3.42390788e-01 
 3.16227766e+08  3.50422437e-01 
 3.23593657e+08  3.58639822e-01 
 3.31131121e+08  3.67047306e-01 
 3.38844156e+08  3.75649350e-01 
 3.46736850e+08  3.84450518e-01 
 3.54813389e+08  3.93455481e-01 
 3.63078055e+08  4.02669017e-01 
 3.71535229e+08  4.12096013e-01 
 3.80189396e+08  4.21741470e-01 
 3.89045145e+08  4.31610505e-01 
 3.98107171e+08  4.41708353e-01 
 4.07380278e+08  4.52040371e-01 
 4.16869383e+08  4.62612039e-01 
 4.26579519e+08  4.73428963e-01 
 4.36515832e+08  4.84496881e-01 
 4.46683592e+08  4.95821663e-01 
 4.57088190e+08  5.07409314e-01 
 4.67735141e+08  5.19265981e-01 
 4.78630092e+08  5.31397952e-01 
 4.89778819e+08  5.43811659e-01 
 5.01187234e+08  5.56513686e-01 
 5.12861384e+08  5.69510770e-01 
 5.24807460e+08  5.82809801e-01 
 5.37031796e+08  5.96417833e-01 
 5.49540874e+08  6.10342081e-01 
 5.62341325e+08  6.24589930e-01 
 5.75439937e+08  6.39168934e-01 
 5.88843655e+08  6.54086823e-01 
 6.02559586e+08  6.69351510e-01 
 6.16595002e+08  6.84971086e-01 
 6.30957344e+08  7.00953835e-01 
 6.45654229e+08  7.17308232e-01 
 6.60693448e+08  7.34042948e-01 
 6.76082975e+08  7.51166857e-01 
 6.91830971e+08  7.68689039e-01 
 7.07945784e+08  7.86618784e-01 
 7.24435960e+08  8.04965599e-01 
 7.41310241e+08  8.23739213e-01 
 7.58577575e+08  8.42949580e-01 
 7.76247117e+08  8.62606886e-01 
 7.94328235e+08  8.82721553e-01 
 8.12830516e+08  9.03304247e-01 
 8.31763771e+08  9.24365881e-01 
 8.51138038e+08  9.45917623e-01 
 8.70963590e+08  9.67970901e-01 
 8.91250938e+08  9.90537406e-01 
 9.12010839e+08  1.01362911e+00 
 9.33254301e+08  1.03725824e+00 
 9.54992586e+08  1.06143734e+00 
 9.77237221e+08  1.08617923e+00 
 1.00000000e+09  1.11149702e+00 
