 2.50000000e+00  1.34911295e+00  8.84315848e-02  3.16227766e+02  3.01067263e+00  2.86775090e-01  3.00965165e+00 
 2.51000000e+00  1.35044583e+00  8.84315848e-02  3.23593657e+02  3.00460951e+00  2.92838171e-01  3.00359308e+00 
 2.52000000e+00  1.35181668e+00  8.84315848e-02  3.31131121e+02  2.99837370e+00  2.99073943e-01  2.99736194e+00 
 2.53000000e+00  1.35321384e+00  8.84315848e-02  3.38844156e+02  2.99201817e+00  3.05429432e-01  2.99101117e+00 
 2.54000000e+00  1.35463744e+00  8.84315848e-02  3.46736850e+02  2.98554239e+00  3.11905171e-01  2.98454025e+00 
 2.55000000e+00  1.35608784e+00  8.84315848e-02  3.54813389e+02  2.97894471e+00  3.18502813e-01  2.97794751e+00 
 2.56000000e+00  1.35756540e+00  8.84315848e-02  3.63078055e+02  2.97222345e+00  3.25224032e-01  2.97123129e+00 
 2.57000000e+00  1.35907050e+00  8.84315848e-02  3.71535229e+02  2.96537693e+00  3.32070502e-01  2.96438990e+00 
 2.58000000e+00  1.36060350e+00  8.84315848e-02  3.80189396e+02  2.95840350e+00  3.39043891e-01  2.95742170e+00 
 2.59000000e+00  1.36216476e+00  8.84315848e-02  3.89045145e+02  2.95130149e+00  3.46145860e-01  2.95032501e+00 
 2.60000000e+00  1.36375466e+00  8.84315848e-02  3.98107171e+02  2.94406924e+00  3.53378064e-01  2.94309818e+00 
 2.61000000e+00  1.36537354e+00  8.84315848e-02  4.07380278e+02  2.93670511e+00  3.60742147e-01  2.93573957e+00 
 2.62000000e+00  1.36702178e+00  8.84315848e-02  4.16869383e+02  2.92920746e+00  3.68239745e-01  2.92824755e+00 
 2.63000000e+00  1.36869973e+00  8.84315848e-02  4.26579519e+02  2.92157468e+00  3.75872477e-01  2.92062049e+00 
 2.64000000e+00  1.37040774e+00  8.84315848e-02  4.36515832e+02  2.91380515e+00  3.83641954e-01  2.91285678e+00 
 2.65000000e+00  1.37214616e+00  8.84315848e-02  4.46683592e+02  2.90589729e+00  3.91549768e-01  2.90495485e+00 
 2.66000000e+00  1.37391533e+00  8.84315848e-02  4.57088190e+02  2.89784951e+00  3.99597492e-01  2.89691311e+00 
 2.67000000e+00  1.37571561e+00  8.84315848e-02  4.67735141e+02  2.88966027e+00  4.07786685e-01  2.88873000e+00 
 2.68000000e+00  1.37754732e+00  8.84315848e-02  4.78630092e+02  2.88132802e+00  4.16118879e-01  2.88040400e+00 
 2.69000000e+00  1.37941080e+00  8.84315848e-02  4.89778819e+02  2.87285126e+00  4.24595587e-01  2.87193359e+00 
 2.70000000e+00  1.38130638e+00  8.84315848e-02  5.01187234e+02  2.86422850e+00  4.33218294e-01  2.86331729e+00 
 2.71000000e+00  1.38323438e+00  8.84315848e-02  5.12861384e+02  2.85545827e+00  4.41988461e-01  2.85455365e+00 
 2.72000000e+00  1.38519510e+00  8.84315848e-02  5.24807460e+02  2.84653916e+00  4.50907517e-01  2.84564122e+00 
 2.73000000e+00  1.38718887e+00  8.84315848e-02  5.37031796e+02  2.83746976e+00  4.59976861e-01  2.83657862e+00 
 2.74000000e+00  1.38921597e+00  8.84315848e-02  5.49540874e+02  2.82824870e+00  4.69197858e-01  2.82736447e+00 
 2.75000000e+00  1.39127670e+00  8.84315848e-02  5.62341325e+02  2.81887466e+00  4.78571838e-01  2.81799746e+00 
 2.76000000e+00  1.39337135e+00  8.84315848e-02  5.75439937e+02  2.80934635e+00  4.88100094e-01  2.80847629e+00 
 2.77000000e+00  1.39550019e+00  8.84315848e-02  5.88843655e+02  2.79966250e+00  4.97783875e-01  2.79879970e+00 
 2.78000000e+00  1.39766349e+00  8.84315848e-02  6.02559586e+02  2.78982193e+00  5.07624391e-01  2.78896650e+00 
 2.79000000e+00  1.39986150e+00  8.84315848e-02  6.16595002e+02  2.77982345e+00  5.17622805e-01  2.77897552e+00 
 2.80000000e+00  1.40209446e+00  8.84315848e-02  6.30957344e+02  2.76966595e+00  5.27780233e-01  2.76882564e+00 
 2.81000000e+00  1.40436262e+00  8.84315848e-02  6.45654229e+02  2.75934838e+00  5.38097743e-01  2.75851580e+00 
 2.82000000e+00  1.40666619e+00  8.84315848e-02  6.60693448e+02  2.74886971e+00  5.48576348e-01  2.74804498e+00 
 2.83000000e+00  1.40900538e+00  8.84315848e-02  6.76082975e+02  2.73822898e+00  5.59217007e-01  2.73741223e+00 
 2.84000000e+00  1.41138040e+00  8.84315848e-02  6.91830971e+02  2.72742529e+00  5.70020623e-01  2.72661665e+00 
 2.85000000e+00  1.41379143e+00  8.84315848e-02  7.07945784e+02  2.71645781e+00  5.80988036e-01  2.71565738e+00 
 2.86000000e+00  1.41623864e+00  8.84315848e-02  7.24435960e+02  2.70532575e+00  5.92120027e-01  2.70453367e+00 
 2.87000000e+00  1.41872218e+00  8.84315848e-02  7.41310241e+02  2.69402840e+00  6.03417309e-01  2.69324478e+00 
 2.88000000e+00  1.42124221e+00  8.84315848e-02  7.58577575e+02  2.68256510e+00  6.14880531e-01  2.68179008e+00 
 2.89000000e+00  1.42379884e+00  8.84315848e-02  7.76247117e+02  2.67093529e+00  6.26510268e-01  2.67016899e+00 
 2.90000000e+00  1.42639218e+00  8.84315848e-02  7.94328235e+02  2.65913846e+00  6.38307024e-01  2.65838100e+00 
 2.91000000e+00  1.42902234e+00  8.84315848e-02  8.12830516e+02  2.64717418e+00  6.50271229e-01  2.64642569e+00 
 2.92000000e+00  1.43168939e+00  8.84315848e-02  8.31763771e+02  2.63504209e+00  6.62403234e-01  2.63430270e+00 
 2.93000000e+00  1.43439338e+00  8.84315848e-02  8.51138038e+02  2.62274194e+00  6.74703308e-01  2.62201177e+00 
 2.94000000e+00  1.43713437e+00  8.84315848e-02  8.70963590e+02  2.61027353e+00  6.87171640e-01  2.60955270e+00 
 2.95000000e+00  1.43993121e+00  8.84315848e-02  8.91250938e+02  2.59755103e+00  6.99894062e-01  2.59683974e+00 
 2.96000000e+00  1.44272771e+00  8.84315848e-02  9.12010839e+02  2.58483005e+00  7.12614955e-01  2.58412830e+00 
 2.97000000e+00  1.44557938e+00  8.84315848e-02  9.33254301e+02  2.57185813e+00  7.25586796e-01  2.57116610e+00 
 2.98000000e+00  1.44846835e+00  8.84315848e-02  9.54992586e+02  2.55871657e+00  7.38728269e-01  2.55803440e+00 
 2.99000000e+00  1.45139422e+00  8.84315848e-02  9.77237221e+02  2.54540712e+00  7.52037639e-01  2.54473492e+00 
 3.00000000e+00  1.45435692e+00  8.84315848e-02  1.00000000e+03  2.53193015e+00  7.65514520e-01  2.53126805e+00 
 3.01000000e+00  1.45735634e+00  8.84315848e-02  1.02329299e+03  2.51828613e+00  7.79158454e-01  2.51763426e+00 
 3.02000000e+00  1.46039236e+00  8.84315848e-02  1.04712855e+03  2.50447561e+00  7.92968881e-01  2.50383410e+00 
 3.03000000e+00  1.46346484e+00  8.84315848e-02  1.07151931e+03  2.49049927e+00  8.06945139e-01  2.48986823e+00 
 3.04000000e+00  1.46657361e+00  8.84315848e-02  1.09647820e+03  2.47635786e+00  8.21086459e-01  2.47573742e+00 
 3.05000000e+00  1.46971847e+00  8.84315848e-02  1.12201845e+03  2.46205225e+00  8.35391970e-01  2.46144254e+00 
 3.06000000e+00  1.47289921e+00  8.84315848e-02  1.14815362e+03  2.44758345e+00  8.49860686e-01  2.44698458e+00 
 3.07000000e+00  1.47611559e+00  8.84315848e-02  1.17489755e+03  2.43295252e+00  8.64491515e-01  2.43236463e+00 
 3.08000000e+00  1.47936734e+00  8.84315848e-02  1.20226443e+03  2.41816069e+00  8.79283252e-01  2.41758388e+00 
 3.09000000e+00  1.48265417e+00  8.84315848e-02  1.23026877e+03  2.40320927e+00  8.94234582e-01  2.40264367e+00 
 3.10000000e+00  1.48599340e+00  8.84315848e-02  1.25892541e+03  2.38801952e+00  9.09424230e-01  2.38746531e+00 
 3.11000000e+00  1.48933210e+00  8.84315848e-02  1.28824955e+03  2.37283215e+00  9.24611508e-01  2.37228932e+00 
 3.12000000e+00  1.49272191e+00  8.84315848e-02  1.31825674e+03  2.35741231e+00  9.40031247e-01  2.35688104e+00 
 3.13000000e+00  1.49614567e+00  8.84315848e-02  1.34896288e+03  2.34183801e+00  9.55605447e-01  2.34131842e+00 
 3.14000000e+00  1.49960269e+00  8.84315848e-02  1.38038426e+03  2.32611241e+00  9.71330942e-01  2.32560461e+00 
 3.15000000e+00  1.50309253e+00  8.84315848e-02  1.41253754e+03  2.31023756e+00  9.87205695e-01  2.30974166e+00 
 3.16000000e+00  1.50661471e+00  8.84315848e-02  1.44543977e+03  2.29421558e+00  1.00322757e+00  2.29373169e+00 
 3.17000000e+00  1.51016873e+00  8.84315848e-02  1.47910839e+03  2.27804873e+00  1.01939432e+00  2.27757696e+00 
 3.18000000e+00  1.51375409e+00  8.84315848e-02  1.51356125e+03  2.26173938e+00  1.03570357e+00  2.26127983e+00 
 3.19000000e+00  1.51737022e+00  8.84315848e-02  1.54881662e+03  2.24529001e+00  1.05215283e+00  2.24484280e+00 
 3.20000000e+00  1.52101656e+00  8.84315848e-02  1.58489319e+03  2.22870324e+00  1.06873949e+00  2.22826846e+00 
 3.21000000e+00  1.52469251e+00  8.84315848e-02  1.62181010e+03  2.21198179e+00  1.08546084e+00  2.21155954e+00 
 3.22000000e+00  1.52839744e+00  8.84315848e-02  1.65958691e+03  2.19512850e+00  1.10231402e+00  2.19471888e+00 
 3.23000000e+00  1.53213070e+00  8.84315848e-02  1.69824365e+03  2.17814632e+00  1.11929609e+00  2.17774944e+00 
 3.24000000e+00  1.53589162e+00  8.84315848e-02  1.73780083e+03  2.16103832e+00  1.13640398e+00  2.16065427e+00 
 3.25000000e+00  1.53967950e+00  8.84315848e-02  1.77827941e+03  2.14380770e+00  1.15363450e+00  2.14343656e+00 
 3.26000000e+00  1.54349362e+00  8.84315848e-02  1.81970086e+03  2.12645773e+00  1.17098435e+00  2.12609960e+00 
 3.27000000e+00  1.54733322e+00  8.84315848e-02  1.86208714e+03  2.10899183e+00  1.18845014e+00  2.10864679e+00 
 3.28000000e+00  1.55119754e+00  8.84315848e-02  1.90546072e+03  2.09141351e+00  1.20602835e+00  2.09108165e+00 
 3.29000000e+00  1.55508577e+00  8.84315848e-02  1.94984460e+03  2.07372638e+00  1.22371536e+00  2.07340778e+00 
 3.30000000e+00  1.55899711e+00  8.84315848e-02  1.99526231e+03  2.05593417e+00  1.24150746e+00  2.05562890e+00 
 3.31000000e+00  1.56293071e+00  8.84315848e-02  2.04173794e+03  2.03804069e+00  1.25940083e+00  2.03774884e+00 
 3.32000000e+00  1.56688571e+00  8.84315848e-02  2.08929613e+03  2.02004986e+00  1.27739154e+00  2.01977150e+00 
 3.33000000e+00  1.57086123e+00  8.84315848e-02  2.13796209e+03  2.00196570e+00  1.29547559e+00  2.00170089e+00 
 3.34000000e+00  1.57485636e+00  8.84315848e-02  2.18776162e+03  1.98379230e+00  1.31364887e+00  1.98354112e+00 
 3.35000000e+00  1.57887019e+00  8.84315848e-02  2.23872114e+03  1.96553387e+00  1.33190719e+00  1.96529637e+00 
 3.36000000e+00  1.58290177e+00  8.84315848e-02  2.29086765e+03  1.94719467e+00  1.35024627e+00  1.94697092e+00 
 3.37000000e+00  1.58695015e+00  8.84315848e-02  2.34422882e+03  1.92877907e+00  1.36866176e+00  1.92856912e+00 
 3.38000000e+00  1.59101435e+00  8.84315848e-02  2.39883292e+03  1.91029149e+00  1.38714921e+00  1.91009540e+00 
 3.39000000e+00  1.59509338e+00  8.84315848e-02  2.45470892e+03  1.89173645e+00  1.40570413e+00  1.89155428e+00 
 3.40000000e+00  1.59918624e+00  8.84315848e-02  2.51188643e+03  1.87311853e+00  1.42432194e+00  1.87295031e+00 
 3.41000000e+00  1.60329190e+00  8.84315848e-02  2.57039578e+03  1.85444236e+00  1.44299798e+00  1.85428814e+00 
 3.42000000e+00  1.60740933e+00  8.84315848e-02  2.63026799e+03  1.83571265e+00  1.46172758e+00  1.83557247e+00 
 3.43000000e+00  1.61153749e+00  8.84315848e-02  2.69153480e+03  1.81693415e+00  1.48050596e+00  1.81680805e+00 
 3.44000000e+00  1.61567531e+00  8.84315848e-02  2.75422870e+03  1.79811167e+00  1.49932831e+00  1.79799968e+00 
 3.45000000e+00  1.61982174e+00  8.84315848e-02  2.81838293e+03  1.77925007e+00  1.51818980e+00  1.77915222e+00 
 3.46000000e+00  1.62397569e+00  8.84315848e-02  2.88403150e+03  1.76035424e+00  1.53708551e+00  1.76027055e+00 
 3.47000000e+00  1.62813608e+00  8.84315848e-02  2.95120923e+03  1.74142910e+00  1.55601052e+00  1.74135960e+00 
 3.48000000e+00  1.63230182e+00  8.84315848e-02  3.01995172e+03  1.72247963e+00  1.57495988e+00  1.72242433e+00 
 3.49000000e+00  1.63647182e+00  8.84315848e-02  3.09029543e+03  1.70351080e+00  1.59392858e+00  1.70346973e+00 
 3.50000000e+00  1.64064497e+00  8.84315848e-02  3.16227766e+03  1.68452763e+00  1.61291163e+00  1.68450078e+00 
 3.51000000e+00  1.64482017e+00  8.84315848e-02  3.23593657e+03  1.66553513e+00  1.63190401e+00  1.66552253e+00 
 3.52000000e+00  1.64899661e+00  8.84315848e-02  3.31131121e+03  1.64653700e+00  1.65090202e+00  1.64653864e+00 
 3.53000000e+00  1.65317202e+00  3.28207181e+00  3.38844156e+03  1.62754351e+00  1.66989539e+00  1.62755939e+00 
 3.54000000e+00  1.65734617e+00  3.28244322e+00  3.46736850e+03  1.60855580e+00  1.68888297e+00  1.60858591e+00 
 3.55000000e+00  1.66151794e+00  3.28207181e+00  3.54813389e+03  1.58957891e+00  1.70785975e+00  1.58962324e+00 
 3.56000000e+00  1.66568816e+00  3.28207451e+00  3.63078055e+03  1.57060909e+00  1.72682945e+00  1.57066764e+00 
 3.57000000e+00  1.66985244e+00  3.28207181e+00  3.71535229e+03  1.55166625e+00  1.74577217e+00  1.55173900e+00 
 3.58000000e+00  1.67401103e+00  3.28207181e+00  3.80189396e+03  1.53274929e+00  1.76468900e+00  1.53283623e+00 
 3.59000000e+00  1.67816286e+00  3.28207181e+00  3.89045145e+03  1.51386310e+00  1.78357507e+00  1.51396420e+00 
 3.60000000e+00  1.68230685e+00  3.28207181e+00  3.98107171e+03  1.49501260e+00  1.80242545e+00  1.49512783e+00 
 3.61000000e+00  1.68644192e+00  3.28207181e+00  4.07380278e+03  1.47620267e+00  1.82123526e+00  1.47633199e+00 
 3.62000000e+00  1.69056700e+00  3.28207181e+00  4.16869383e+03  1.45743815e+00  1.83999966e+00  1.45758154e+00 
 3.63000000e+00  1.69468105e+00  3.28207181e+00  4.26579519e+03  1.43872383e+00  1.85871386e+00  1.43888126e+00 
 3.64000000e+00  1.69878301e+00  3.28207181e+00  4.36515832e+03  1.42006446e+00  1.87737311e+00  1.42023587e+00 
 3.65000000e+00  1.70287187e+00  3.28207181e+00  4.46683592e+03  1.40146472e+00  1.89597274e+00  1.40165007e+00 
 3.66000000e+00  1.70694661e+00  3.28207181e+00  4.57088190e+03  1.38292923e+00  1.91450811e+00  1.38312848e+00 
 3.67000000e+00  1.71100621e+00  3.28207181e+00  4.67735141e+03  1.36446254e+00  1.93297467e+00  1.36467564e+00 
 3.68000000e+00  1.71504971e+00  3.28207181e+00  4.78630092e+03  1.34606916e+00  1.95136795e+00  1.34629604e+00 
 3.69000000e+00  1.71907612e+00  3.28207181e+00  4.89778819e+03  1.32775348e+00  1.96968351e+00  1.32799409e+00 
 3.70000000e+00  1.72308450e+00  3.28207181e+00  5.01187234e+03  1.30951984e+00  1.98791703e+00  1.30977412e+00 
 3.71000000e+00  1.72707391e+00  3.28207181e+00  5.12861384e+03  1.29137249e+00  2.00606426e+00  1.29164037e+00 
 3.72000000e+00  1.73104343e+00  3.28207181e+00  5.24807460e+03  1.27331560e+00  2.02412104e+00  1.27359702e+00 
 3.73000000e+00  1.73499217e+00  3.28207181e+00  5.37031796e+03  1.25535325e+00  2.04208327e+00  1.25564814e+00 
 3.74000000e+00  1.73891925e+00  3.28207181e+00  5.49540874e+03  1.23748942e+00  2.05994699e+00  1.23779770e+00 
 3.75000000e+00  1.74282382e+00  3.28207181e+00  5.62341325e+03  1.21972800e+00  2.07770829e+00  1.22004959e+00 
 3.76000000e+00  1.74670504e+00  3.28207181e+00  5.75439937e+03  1.20207278e+00  2.09536340e+00  1.20240761e+00 
 3.77000000e+00  1.75056210e+00  3.28207181e+00  5.88843655e+03  1.18452746e+00  2.11290862e+00  1.18487544e+00 
 3.78000000e+00  1.75439422e+00  3.28207181e+00  6.02559586e+03  1.16709560e+00  2.13034036e+00  1.16745665e+00 
 3.79000000e+00  1.75820062e+00  3.28207181e+00  6.16595002e+03  1.14978071e+00  2.14765514e+00  1.15015474e+00 
 3.80000000e+00  1.76198058e+00  3.28207181e+00  6.30957344e+03  1.13258614e+00  2.16484960e+00  1.13297306e+00 
 3.81000000e+00  1.76573336e+00  3.28207181e+00  6.45654229e+03  1.11551516e+00  2.18192047e+00  1.11591488e+00 
 3.82000000e+00  1.76945828e+00  3.28207181e+00  6.60693448e+03  1.09857092e+00  2.19886460e+00  1.09898334e+00 
 3.83000000e+00  1.77315468e+00  3.28207181e+00  6.76082975e+03  1.08175646e+00  2.21567895e+00  1.08218148e+00 
 3.84000000e+00  1.77682190e+00  3.28207181e+00  6.91830971e+03  1.06507469e+00  2.23236062e+00  1.06551222e+00 
 3.85000000e+00  1.78045934e+00  3.28207181e+00  7.07945784e+03  1.04852843e+00  2.24890677e+00  1.04897836e+00 
 3.86000000e+00  1.78406639e+00  3.28207181e+00  7.24435960e+03  1.03212036e+00  2.26531474e+00  1.03258259e+00 
 3.87000000e+00  1.78764250e+00  3.28207181e+00  7.41310241e+03  1.01585305e+00  2.28158194e+00  1.01632748e+00 
 3.88000000e+00  1.79118713e+00  3.28207181e+00  7.58577575e+03  9.99728961e-01  2.29770593e+00  1.00021547e+00 
 3.89000000e+00  1.79469976e+00  3.28207181e+00  7.76247117e+03  9.83750425e-01  2.31368436e+00  9.84248918e-01 
 3.90000000e+00  1.79817990e+00  3.28207181e+00  7.94328235e+03  9.67919661e-01  2.32951503e+00  9.68430021e-01 
 3.91000000e+00  1.80162710e+00  3.28207181e+00  8.12830516e+03  9.52238766e-01  2.34519582e+00  9.52760881e-01 
 3.92000000e+00  1.80504091e+00  3.28207181e+00  8.31763771e+03  9.36709722e-01  2.36072477e+00  9.37243478e-01 
 3.93000000e+00  1.80842093e+00  3.28207181e+00  8.51138038e+03  9.21334389e-01  2.37610000e+00  9.21879672e-01 
 3.94000000e+00  1.81176678e+00  3.28207181e+00  8.70963590e+03  9.06114515e-01  2.39131978e+00  9.06671207e-01 
 3.95000000e+00  1.81506067e+00  3.28207181e+00  8.91250938e+03  8.91130999e-01  2.40630320e+00  8.91698923e-01 
 3.96000000e+00  1.81835444e+00  3.28207181e+00  9.12010839e+03  8.76148030e-01  2.42128607e+00  8.76727187e-01 
 3.97000000e+00  1.82159583e+00  3.28207181e+00  9.33254301e+03  8.61403346e-01  2.43603066e+00  8.61993556e-01 
 3.98000000e+00  1.82480165e+00  3.28207181e+00  9.54992586e+03  8.46820429e-01  2.45061349e+00  8.47421571e-01 
 3.99000000e+00  1.82797176e+00  3.28207181e+00  9.77237221e+03  8.32399966e-01  2.46503386e+00  8.33011918e-01 
 4.00000000e+00  1.83110593e+00  3.28207181e+00  1.00000000e+04  8.18143013e-01  2.47929072e+00  8.18765653e-01 
 4.01000000e+00  1.83420394e+00  3.28207181e+00  1.02329299e+04  8.04050523e-01  2.49338312e+00  8.04683727e-01 
 4.02000000e+00  1.83726561e+00  3.28207181e+00  1.04712855e+04  7.90123337e-01  2.50731022e+00  7.90766981e-01 
 4.03000000e+00  1.84029078e+00  3.28207181e+00  1.07151931e+04  7.76362190e-01  2.52107128e+00  7.77016151e-01 
 4.04000000e+00  1.84327931e+00  3.28207181e+00  1.09647820e+04  7.62767716e-01  2.53466566e+00  7.63431867e-01 
 4.05000000e+00  1.84623108e+00  3.28207181e+00  1.12201845e+04  7.49340442e-01  2.54809285e+00  7.50014660e-01 
 4.06000000e+00  1.84914601e+00  3.28207181e+00  1.14815362e+04  7.36080799e-01  2.56135241e+00  7.36764956e-01 
 4.07000000e+00  1.85202401e+00  3.28207181e+00  1.17489755e+04  7.22989115e-01  2.57444401e+00  7.23683086e-01 
 4.08000000e+00  1.85486503e+00  3.28207181e+00  1.20226443e+04  7.10065624e-01  2.58736742e+00  7.10769284e-01 
 4.09000000e+00  1.85766905e+00  3.28207181e+00  1.23026877e+04  6.97310468e-01  2.60012249e+00  6.98023690e-01 
 4.10000000e+00  1.86043606e+00  3.28207181e+00  1.25892541e+04  6.84723694e-01  2.61270919e+00  6.85446351e-01 
 4.11000000e+00  1.86314747e+00  3.28207181e+00  1.28824955e+04  6.72389799e-01  2.62504300e+00  6.73121703e-01 
 4.12000000e+00  1.86585898e+00  3.28207181e+00  1.31825674e+04  6.60055437e-01  2.63737729e+00  6.60796587e-01 
 4.13000000e+00  1.86851515e+00  3.28207181e+00  1.34896288e+04  6.47972822e-01  2.64945982e+00  6.48723029e-01 
 4.14000000e+00  1.87113437e+00  3.28207181e+00  1.38038426e+04  6.36058304e-01  2.66137427e+00  6.36817443e-01 
 4.15000000e+00  1.87371680e+00  3.28207181e+00  1.41253754e+04  6.24311120e-01  2.67312137e+00  6.25079065e-01 
 4.16000000e+00  1.87626255e+00  3.28207181e+00  1.44543977e+04  6.12730815e-01  2.68470161e+00  6.13507442e-01 
 4.17000000e+00  1.87877173e+00  3.28207181e+00  1.47910839e+04  6.01316864e-01  2.69611548e+00  6.02102047e-01 
 4.18000000e+00  1.88124447e+00  3.28207181e+00  1.51356125e+04  5.90068669e-01  2.70736361e+00  5.90862283e-01 
 4.19000000e+00  1.88368091e+00  3.28207181e+00  1.54881662e+04  5.78985562e-01  2.71844664e+00  5.79787485e-01 
 4.20000000e+00  1.88608123e+00  3.28207181e+00  1.58489319e+04  5.68066809e-01  2.72936533e+00  5.68876918e-01 
 4.21000000e+00  1.88844559e+00  3.28207181e+00  1.62181010e+04  5.57311613e-01  2.74012045e+00  5.58129784e-01 
 4.22000000e+00  1.89077418e+00  3.28207181e+00  1.65958691e+04  5.46719113e-01  2.75071289e+00  5.47545225e-01 
 4.23000000e+00  1.89306721e+00  3.28207181e+00  1.69824365e+04  5.36288390e-01  2.76114354e+00  5.37122321e-01 
 4.24000000e+00  1.89532489e+00  3.28207181e+00  1.73780083e+04  5.26018468e-01  2.77141340e+00  5.26860098e-01 
 4.25000000e+00  1.89754745e+00  3.28207181e+00  1.77827941e+04  5.15908318e-01  2.78152349e+00  5.16757527e-01 
 4.26000000e+00  1.89973512e+00  3.28207181e+00  1.81970086e+04  5.05956857e-01  2.79147488e+00  5.06813526e-01 
 4.27000000e+00  1.90188815e+00  3.28207181e+00  1.86208714e+04  4.96162956e-01  2.80126872e+00  4.97026967e-01 
 4.28000000e+00  1.90400681e+00  3.28207181e+00  1.90546072e+04  4.86525437e-01  2.81090618e+00  4.87396673e-01 
 4.29000000e+00  1.90609136e+00  3.28207181e+00  1.94984460e+04  4.77043078e-01  2.82038848e+00  4.77921422e-01 
 4.30000000e+00  1.90814207e+00  3.28207181e+00  1.99526231e+04  4.67714616e-01  2.82971688e+00  4.68599953e-01 
 4.31000000e+00  1.91015924e+00  3.28207181e+00  2.04173794e+04  4.58538748e-01  2.83889269e+00  4.59430964e-01 
 4.32000000e+00  1.91214316e+00  3.28207181e+00  2.08929613e+04  4.49514132e-01  2.84791725e+00  4.50413113e-01 
 4.33000000e+00  1.91409413e+00  3.28207181e+00  2.13796209e+04  4.40639395e-01  2.85679193e+00  4.41545029e-01 
 4.34000000e+00  1.91601246e+00  3.28207181e+00  2.18776162e+04  4.31913126e-01  2.86551814e+00  4.32825302e-01 
 4.35000000e+00  1.91789847e+00  3.28207181e+00  2.23872114e+04  4.23333888e-01  2.87409733e+00  4.24252495e-01 
 4.36000000e+00  1.91973649e+00  3.28207181e+00  2.29086765e+04  4.14972957e-01  2.88245820e+00  4.15897832e-01 
 4.37000000e+00  1.92155900e+00  3.28207181e+00  2.34422882e+04  4.06682592e-01  2.89074851e+00  4.07613682e-01 
 4.38000000e+00  1.92335017e+00  3.28207181e+00  2.39883292e+04  3.98534766e-01  2.89889629e+00  3.99471963e-01 
 4.39000000e+00  1.92511034e+00  3.28207181e+00  2.45470892e+04  3.90527937e-01  2.90690307e+00  3.91471137e-01 
 4.40000000e+00  1.92683986e+00  3.28207181e+00  2.51188643e+04  3.82660545e-01  2.91477041e+00  3.83609643e-01 
 4.41000000e+00  1.92853908e+00  3.28207181e+00  2.57039578e+04  3.74931012e-01  2.92249989e+00  3.75885904e-01 
 4.42000000e+00  1.93020834e+00  3.28207181e+00  2.63026799e+04  3.67337739e-01  2.93009312e+00  3.68298324e-01 
 4.43000000e+00  1.93184800e+00  3.28207181e+00  2.69153480e+04  3.59879116e-01  2.93755169e+00  3.60845292e-01 
 4.44000000e+00  1.93345842e+00  3.28207181e+00  2.75422870e+04  3.52553518e-01  2.94487724e+00  3.53525185e-01 
 4.45000000e+00  1.93503995e+00  3.28207181e+00  2.81838293e+04  3.45359307e-01  2.95207141e+00  3.46336367e-01 
 4.46000000e+00  1.93659296e+00  3.28207181e+00  2.88403150e+04  3.38294836e-01  2.95913583e+00  3.39277193e-01 
 4.47000000e+00  1.93811782e+00  3.28207181e+00  2.95120923e+04  3.31358450e-01  2.96607218e+00  3.32346007e-01 
 4.48000000e+00  1.93961488e+00  3.28207181e+00  3.01995172e+04  3.24548487e-01  2.97288210e+00  3.25541148e-01 
 4.49000000e+00  1.94108452e+00  3.28207181e+00  3.09029543e+04  3.17863276e-01  2.97956726e+00  3.18860948e-01 
 4.50000000e+00  1.94252710e+00  3.28207181e+00  3.16227766e+04  3.11301145e-01  2.98612935e+00  3.12303737e-01 
 4.51000000e+00  1.94394299e+00  3.28207181e+00  3.23593657e+04  3.04860417e-01  2.99257004e+00  3.05867838e-01 
 4.52000000e+00  1.94533256e+00  3.28207181e+00  3.31131121e+04  2.98539416e-01  2.99889100e+00  2.99551575e-01 
 4.53000000e+00  1.94669618e+00  3.28207181e+00  3.38844156e+04  2.92336462e-01  3.00509391e+00  2.93353271e-01 
 4.54000000e+00  1.94804695e+00  3.28207181e+00  3.46736850e+04  2.86191974e-01  3.01123836e+00  2.87213389e-01 
 4.55000000e+00  1.94935962e+00  3.28207181e+00  3.54813389e+04  2.80220806e-01  3.01720949e+00  2.81246698e-01 
 4.56000000e+00  1.95064742e+00  3.28207181e+00  3.63078055e+04  2.74362778e-01  3.02306748e+00  2.75393061e-01 
 4.57000000e+00  1.95191073e+00  3.28207181e+00  3.71535229e+04  2.68616100e-01  3.02881413e+00  2.69650691e-01 
 4.58000000e+00  1.95314993e+00  3.28207181e+00  3.80189396e+04  2.62979107e-01  3.03445108e+00  2.64017924e-01 
 4.59000000e+00  1.95436539e+00  3.28207181e+00  3.89045145e+04  2.57450142e-01  3.03998001e+00  2.58493103e-01 
 4.60000000e+00  1.95555746e+00  3.28207181e+00  3.98107171e+04  2.52027551e-01  3.04540257e+00  2.53074578e-01 
 4.61000000e+00  1.95672651e+00  3.28207181e+00  4.07380278e+04  2.46709692e-01  3.05072039e+00  2.47760705e-01 
 4.62000000e+00  1.95787289e+00  3.28207181e+00  4.16869383e+04  2.41494927e-01  3.05593513e+00  2.42549849e-01 
 4.63000000e+00  1.95899697e+00  3.28207181e+00  4.26579519e+04  2.36381630e-01  3.06104839e+00  2.37440386e-01 
 4.64000000e+00  1.96009910e+00  3.28207181e+00  4.36515832e+04  2.31368185e-01  3.06606180e+00  2.32430699e-01 
 4.65000000e+00  1.96117963e+00  3.28207181e+00  4.46683592e+04  2.26452986e-01  3.07097697e+00  2.27519184e-01 
 4.66000000e+00  1.96223891e+00  3.28207181e+00  4.57088190e+04  2.21634437e-01  3.07579549e+00  2.22704248e-01 
 4.67000000e+00  1.96327729e+00  3.28207181e+00  4.67735141e+04  2.16910956e-01  3.08051894e+00  2.17984308e-01 
 4.68000000e+00  1.96429512e+00  3.28207181e+00  4.78630092e+04  2.12280973e-01  3.08514889e+00  2.13357796e-01 
 4.69000000e+00  1.96529274e+00  3.28207181e+00  4.89778819e+04  2.07742929e-01  3.08968691e+00  2.08823154e-01 
 4.70000000e+00  1.96627048e+00  3.28207181e+00  5.01187234e+04  2.03295282e-01  3.09413453e+00  2.04378840e-01 
 4.71000000e+00  1.96722869e+00  3.28207181e+00  5.12861384e+04  1.98936499e-01  3.09849328e+00  2.00023325e-01 
 4.72000000e+00  1.96816770e+00  3.28207181e+00  5.24807460e+04  1.94665067e-01  3.10276469e+00  1.95755095e-01 
 4.73000000e+00  1.96908783e+00  3.28207181e+00  5.37031796e+04  1.90479483e-01  3.10695024e+00  1.91572649e-01 
 4.74000000e+00  1.96998942e+00  3.28207181e+00  5.49540874e+04  1.86378262e-01  3.11105144e+00  1.87474502e-01 
 4.75000000e+00  1.97087279e+00  3.28207181e+00  5.62341325e+04  1.82359933e-01  3.11506974e+00  1.83459186e-01 
 4.76000000e+00  1.97173825e+00  3.28207181e+00  5.75439937e+04  1.78423042e-01  3.11900661e+00  1.79525246e-01 
 4.77000000e+00  1.97258613e+00  3.28207181e+00  5.88843655e+04  1.74566150e-01  3.12286348e+00  1.75671246e-01 
 4.78000000e+00  1.97341673e+00  3.28207181e+00  6.02559586e+04  1.70787835e-01  3.12664177e+00  1.71895763e-01 
 4.79000000e+00  1.97422192e+00  3.28207181e+00  6.16595002e+04  1.67125095e-01  3.13030448e+00  1.68235768e-01 
 4.80000000e+00  1.97502734e+00  3.28207181e+00  6.30957344e+04  1.63461375e-01  3.13396818e+00  1.64574794e-01 
 4.81000000e+00  1.97580797e+00  3.28207181e+00  6.45654229e+04  1.59910378e-01  3.13751915e+00  1.61026459e-01 
 4.82000000e+00  1.97657253e+00  3.28207181e+00  6.60693448e+04  1.56432481e-01  3.14099703e+00  1.57551170e-01 
 4.83000000e+00  1.97732132e+00  3.28207181e+00  6.76082975e+04  1.53026301e-01  3.14440319e+00  1.54147544e-01 
 4.84000000e+00  1.97805464e+00  3.28207181e+00  6.91830971e+04  1.49690519e-01  3.14773895e+00  1.50814262e-01 
 4.85000000e+00  1.97877277e+00  3.28207181e+00  7.07945784e+04  1.46423830e-01  3.15100562e+00  1.47550022e-01 
 4.86000000e+00  1.97947599e+00  3.28207181e+00  7.24435960e+04  1.43224951e-01  3.15420447e+00  1.44353541e-01 
 4.87000000e+00  1.98016459e+00  3.28207181e+00  7.41310241e+04  1.40092612e-01  3.15733679e+00  1.41223550e-01 
 4.88000000e+00  1.98083883e+00  3.28207181e+00  7.58577575e+04  1.37025565e-01  3.16040382e+00  1.38158802e-01 
 4.89000000e+00  1.98149899e+00  3.28207181e+00  7.76247117e+04  1.34022575e-01  3.16340679e+00  1.35158064e-01 
 4.90000000e+00  1.98214533e+00  3.28207181e+00  7.94328235e+04  1.31082430e-01  3.16634692e+00  1.32220122e-01 
 4.91000000e+00  1.98277813e+00  3.28207181e+00  8.12830516e+04  1.28203931e-01  3.16922540e+00  1.29343782e-01 
 4.92000000e+00  1.98339763e+00  3.28207181e+00  8.31763771e+04  1.25385900e-01  3.17204341e+00  1.26527863e-01 
 4.93000000e+00  1.98400409e+00  3.28207181e+00  8.51138038e+04  1.22627174e-01  3.17480212e+00  1.23771205e-01 
 4.94000000e+00  1.98459777e+00  3.28207181e+00  8.70963590e+04  1.19926609e-01  3.17750267e+00  1.21072664e-01 
 4.95000000e+00  1.98517890e+00  3.28207181e+00  8.91250938e+04  1.17283079e-01  3.18014618e+00  1.18431116e-01 
 4.96000000e+00  1.98574775e+00  3.28207181e+00  9.12010839e+04  1.14695475e-01  3.18273377e+00  1.15845452e-01 
 4.97000000e+00  1.98630454e+00  3.28207181e+00  9.33254301e+04  1.12162705e-01  3.18526652e+00  1.13314580e-01 
 4.98000000e+00  1.98684951e+00  3.28207181e+00  9.54992586e+04  1.09683694e-01  3.18774552e+00  1.10837428e-01 
 4.99000000e+00  1.98738289e+00  3.28207181e+00  9.77237221e+04  1.07257386e-01  3.19017181e+00  1.08412939e-01 
 5.00000000e+00  1.98790492e+00  3.28207181e+00  1.00000000e+05  1.04882739e-01  3.19254644e+00  1.06040073e-01 
 5.01000000e+00  1.98841582e+00  3.28207181e+00  1.02329299e+05  1.02558733e-01  3.19487043e+00  1.03717808e-01 
 5.02000000e+00  1.98891580e+00  3.28207181e+00  1.04712855e+05  1.00284359e-01  3.19714479e+00  1.01445140e-01 
 5.03000000e+00  1.98940509e+00  3.28207181e+00  1.07151931e+05  9.80586298e-02  3.19937051e+00  9.92210787e-02 
 5.04000000e+00  1.98988391e+00  3.28207181e+00  1.09647820e+05  9.58805713e-02  3.20154855e+00  9.70446530e-02 
 5.05000000e+00  1.99035245e+00  3.28207181e+00  1.12201845e+05  9.37492277e-02  3.20367988e+00  9.49149071e-02 
 5.06000000e+00  1.99081093e+00  3.28207181e+00  1.14815362e+05  9.16636586e-02  3.20576544e+00  9.28309015e-02 
 5.07000000e+00  1.99125955e+00  3.28207181e+00  1.17489755e+05  8.96229409e-02  3.20780614e+00  9.07917136e-02 
 5.08000000e+00  1.99169851e+00  3.28207181e+00  1.20226443e+05  8.76261664e-02  3.20980290e+00  8.87964360e-02 
 5.09000000e+00  1.99212800e+00  3.28207181e+00  1.23026877e+05  8.56724437e-02  3.21175661e+00  8.68441779e-02 
 5.10000000e+00  1.99254823e+00  3.28207181e+00  1.25892541e+05  8.37608967e-02  3.21366815e+00  8.49340639e-02 
 5.11000000e+00  1.99295937e+00  3.28207181e+00  1.28824955e+05  8.18906643e-02  3.21553837e+00  8.30652335e-02 
 5.12000000e+00  1.99336161e+00  3.28207181e+00  1.31825674e+05  8.00609018e-02  3.21736812e+00  8.12368427e-02 
 5.13000000e+00  1.99375514e+00  3.28207181e+00  1.34896288e+05  7.82707788e-02  3.21915823e+00  7.94480616e-02 
 5.14000000e+00  1.99414014e+00  3.28207181e+00  1.38038426e+05  7.65194804e-02  3.22090952e+00  7.76980761e-02 
 5.15000000e+00  1.99451677e+00  3.28207181e+00  1.41253754e+05  7.48062069e-02  3.22262278e+00  7.59860869e-02 
 5.16000000e+00  1.99488522e+00  3.28207181e+00  1.44543977e+05  7.31301722e-02  3.22429881e+00  7.43113087e-02 
 5.17000000e+00  1.99524566e+00  3.28207181e+00  1.47910839e+05  7.14906051e-02  3.22593836e+00  7.26729707e-02 
 5.18000000e+00  1.99559824e+00  3.28207181e+00  1.51356125e+05  6.98867498e-02  3.22754221e+00  7.10703177e-02 
 5.19000000e+00  1.99594313e+00  3.28207181e+00  1.54881662e+05  6.83178625e-02  3.22911109e+00  6.95026065e-02 
 5.20000000e+00  1.99628050e+00  3.28207181e+00  1.58489319e+05  6.67832145e-02  3.23064572e+00  6.79691089e-02 
 5.21000000e+00  1.99661050e+00  3.28207181e+00  1.62181010e+05  6.52820913e-02  3.23214684e+00  6.64691110e-02 
 5.22000000e+00  1.99693328e+00  3.28207181e+00  1.65958691e+05  6.38137904e-02  3.23361513e+00  6.50019109e-02 
 5.23000000e+00  1.99724900e+00  3.28207181e+00  1.69824365e+05  6.23776247e-02  3.23505129e+00  6.35668218e-02 
 5.24000000e+00  1.99755780e+00  3.28207181e+00  1.73780083e+05  6.09729183e-02  3.23645598e+00  6.21631684e-02 
 5.25000000e+00  1.99785983e+00  3.28207181e+00  1.77827941e+05  5.95990089e-02  3.23782988e+00  6.07902889e-02 
 5.26000000e+00  1.99815524e+00  3.28207181e+00  1.81970086e+05  5.82552478e-02  3.23917364e+00  5.94475352e-02 
 5.27000000e+00  1.99844093e+00  3.28207181e+00  1.86208714e+05  5.69556565e-02  3.24047322e+00  5.81489181e-02 
 5.28000000e+00  1.99872357e+00  3.28207181e+00  1.90546072e+05  5.56699820e-02  3.24175888e+00  5.68642074e-02 
 5.29000000e+00  1.99899999e+00  3.28207181e+00  1.94984460e+05  5.44125873e-02  3.24301627e+00  5.56077554e-02 
 5.30000000e+00  1.99927032e+00  3.28207181e+00  1.99526231e+05  5.31828722e-02  3.24424598e+00  5.43789621e-02 
 5.31000000e+00  1.99953470e+00  3.28207181e+00  2.04173794e+05  5.19802480e-02  3.24544860e+00  5.31772394e-02 
 5.32000000e+00  1.99979325e+00  3.28207181e+00  2.08929613e+05  5.08041377e-02  3.24662470e+00  5.20020108e-02 
 5.33000000e+00  2.00004609e+00  3.28207181e+00  2.13796209e+05  4.96539755e-02  3.24777485e+00  5.08527109e-02 
 5.34000000e+00  2.00029336e+00  3.28207181e+00  2.18776162e+05  4.85292072e-02  3.24889961e+00  4.97287857e-02 
 5.35000000e+00  2.00053515e+00  3.28207181e+00  2.23872114e+05  4.74292892e-02  3.24999952e+00  4.86296923e-02 
 5.36000000e+00  2.00077161e+00  3.28207181e+00  2.29086765e+05  4.63536892e-02  3.25107512e+00  4.75548985e-02 
 5.37000000e+00  2.00100283e+00  3.28207181e+00  2.34422882e+05  4.53018846e-02  3.25212692e+00  4.65038825e-02 
 5.38000000e+00  2.00122893e+00  3.28207181e+00  2.39883292e+05  4.42733653e-02  3.25315543e+00  4.54761342e-02 
 5.39000000e+00  2.00145003e+00  3.28207181e+00  2.45470892e+05  4.32676291e-02  3.25415975e+00  4.44711519e-02 
 5.40000000e+00  2.00166622e+00  3.28207181e+00  2.51188643e+05  4.22841858e-02  3.25468766e+00  4.34884458e-02 
 5.41000000e+00  2.00187762e+00  3.28207181e+00  2.57039578e+05  4.13225538e-02  3.25467420e+00  4.25275346e-02 
 5.42000000e+00  2.00208433e+00  3.28207181e+00  2.63026799e+05  4.03822623e-02  3.25466104e+00  4.15879479e-02 
 5.43000000e+00  2.00228645e+00  3.28207181e+00  2.69153480e+05  3.94628502e-02  3.25464817e+00  4.06692249e-02 
 5.44000000e+00  2.00248408e+00  3.28207181e+00  2.75422870e+05  3.85638648e-02  3.25463558e+00  3.97709133e-02 
 5.45000000e+00  2.00267731e+00  3.28207181e+00  2.81838293e+05  3.76848639e-02  3.25462328e+00  3.88925713e-02 
 5.46000000e+00  2.00286625e+00  3.28207181e+00  2.88403150e+05  3.68254131e-02  3.25461125e+00  3.80337647e-02 
 5.47000000e+00  2.00305098e+00  3.28207181e+00  2.95120923e+05  3.59850884e-02  3.25459948e+00  3.71940699e-02 
 5.48000000e+00  2.00323160e+00  3.28207181e+00  3.01995172e+05  3.51634736e-02  3.25458798e+00  3.63730709e-02 
 5.49000000e+00  2.00340820e+00  3.28207181e+00  3.09029543e+05  3.43601611e-02  3.25457673e+00  3.55703605e-02 
 5.50000000e+00  2.00358281e+00  3.28207181e+00  3.16227766e+05  3.35658663e-02  3.25456561e+00  3.47766611e-02 
 5.51000000e+00  2.00375158e+00  3.28207181e+00  3.23593657e+05  3.27981617e-02  3.25455487e+00  3.40095320e-02 
 5.52000000e+00  2.00391658e+00  3.28207181e+00  3.31131121e+05  3.20475863e-02  3.25454436e+00  3.32595191e-02 
 5.53000000e+00  2.00407790e+00  3.28207181e+00  3.38844156e+05  3.13137628e-02  3.25453408e+00  3.25262456e-02 
 5.54000000e+00  2.00423562e+00  3.28207181e+00  3.46736850e+05  3.05963247e-02  3.25452404e+00  3.18093453e-02 
 5.55000000e+00  2.00438981e+00  3.28207181e+00  3.54813389e+05  2.98949133e-02  3.25451422e+00  3.11084597e-02 
 5.56000000e+00  2.00454056e+00  3.28207181e+00  3.63078055e+05  2.92091770e-02  3.25450462e+00  3.04232374e-02 
 5.57000000e+00  2.00468794e+00  3.28207181e+00  3.71535229e+05  2.85387726e-02  3.25449523e+00  2.97533354e-02 
 5.58000000e+00  2.00483202e+00  3.28207181e+00  3.80189396e+05  2.78833627e-02  3.25448606e+00  2.90984168e-02 
 5.59000000e+00  2.00497288e+00  3.28207181e+00  3.89045145e+05  2.72426179e-02  3.25447709e+00  2.84581523e-02 
 5.60000000e+00  2.00511058e+00  3.28207181e+00  3.98107171e+05  2.66162164e-02  3.25446832e+00  2.78322203e-02 
 5.61000000e+00  2.00524520e+00  3.28207181e+00  4.07380278e+05  2.60038413e-02  3.25445975e+00  2.72203042e-02 
 5.62000000e+00  2.00537681e+00  3.28207181e+00  4.16869383e+05  2.54051844e-02  3.25445136e+00  2.66220960e-02 
 5.63000000e+00  2.00550546e+00  3.28207181e+00  4.26579519e+05  2.48199434e-02  3.25444317e+00  2.60372936e-02 
 5.64000000e+00  2.00563123e+00  3.28207181e+00  4.36515832e+05  2.42478217e-02  3.25443516e+00  2.54656008e-02 
 5.65000000e+00  2.00575419e+00  3.28207181e+00  4.46683592e+05  2.36885301e-02  3.25442733e+00  2.49067284e-02 
 5.66000000e+00  2.00587438e+00  3.28207181e+00  4.57088190e+05  2.31417848e-02  3.25441968e+00  2.43603930e-02 
 5.67000000e+00  2.00599187e+00  3.28207181e+00  4.67735141e+05  2.26073093e-02  3.25441219e+00  2.38263180e-02 
 5.68000000e+00  2.00610673e+00  3.28207181e+00  4.78630092e+05  2.20848310e-02  3.25440488e+00  2.33042314e-02 
 5.69000000e+00  2.00621901e+00  3.28207181e+00  4.89778819e+05  2.15740849e-02  3.25439773e+00  2.27938681e-02 
 5.70000000e+00  2.00632877e+00  3.28207181e+00  5.01187234e+05  2.10748112e-02  3.25439074e+00  2.22949687e-02 
 5.71000000e+00  2.00643606e+00  3.28207181e+00  5.12861384e+05  2.05867556e-02  3.25438391e+00  2.18072788e-02 
 5.72000000e+00  2.00654094e+00  3.28207181e+00  5.24807460e+05  2.01096688e-02  3.25437723e+00  2.13305497e-02 
 5.73000000e+00  2.00664346e+00  3.28207181e+00  5.37031796e+05  1.96433079e-02  3.25437070e+00  2.08645383e-02 
 5.74000000e+00  2.00674368e+00  3.28207181e+00  5.49540874e+05  1.91874346e-02  3.25436432e+00  2.04090067e-02 
 5.75000000e+00  2.00684164e+00  3.28207181e+00  5.62341325e+05  1.87418158e-02  3.25435808e+00  1.99637219e-02 
 5.76000000e+00  2.00693740e+00  3.28207181e+00  5.75439937e+05  1.83062234e-02  3.25435198e+00  1.95284561e-02 
 5.77000000e+00  2.00703100e+00  3.28207181e+00  5.88843655e+05  1.78804349e-02  3.25434602e+00  1.91029866e-02 
 5.78000000e+00  2.00712250e+00  3.28207181e+00  6.02559586e+05  1.74642317e-02  3.25434019e+00  1.86870954e-02 
 5.79000000e+00  2.00721193e+00  3.28207181e+00  6.16595002e+05  1.70574007e-02  3.25433449e+00  1.82805693e-02 
 5.80000000e+00  2.00729936e+00  3.28207181e+00  6.30957344e+05  1.66597324e-02  3.25432893e+00  1.78831992e-02 
 5.81000000e+00  2.00738481e+00  3.28207181e+00  6.45654229e+05  1.62710233e-02  3.25432349e+00  1.74947814e-02 
 5.82000000e+00  2.00746833e+00  3.28207181e+00  6.60693448e+05  1.58910735e-02  3.25431817e+00  1.71151164e-02 
 5.83000000e+00  2.00754998e+00  3.28207181e+00  6.76082975e+05  1.55196874e-02  3.25431297e+00  1.67440087e-02 
 5.84000000e+00  2.00762978e+00  3.28207181e+00  6.91830971e+05  1.51566740e-02  3.25430788e+00  1.63812673e-02 
 5.85000000e+00  2.00770778e+00  3.28207181e+00  7.07945784e+05  1.48018464e-02  3.25430292e+00  1.60267057e-02 
 5.86000000e+00  2.00778403e+00  3.28207181e+00  7.24435960e+05  1.44550214e-02  3.25429806e+00  1.56801406e-02 
 5.87000000e+00  2.00785855e+00  3.28207181e+00  7.41310241e+05  1.41160202e-02  3.25429332e+00  1.53413935e-02 
 5.88000000e+00  2.00793139e+00  3.28207181e+00  7.58577575e+05  1.37846684e-02  3.25428868e+00  1.50102901e-02 
 5.89000000e+00  2.00800259e+00  3.28207181e+00  7.76247117e+05  1.34607942e-02  3.25428414e+00  1.46866587e-02 
 5.90000000e+00  2.00807218e+00  3.28207181e+00  7.94328235e+05  1.31442309e-02  3.25427971e+00  1.43703327e-02 
 5.91000000e+00  2.00814020e+00  3.28207181e+00  8.12830516e+05  1.28348148e-02  3.25427538e+00  1.40611485e-02 
 5.92000000e+00  2.00820669e+00  3.28207181e+00  8.31763771e+05  1.25323851e-02  3.25427114e+00  1.37589454e-02 
 5.93000000e+00  2.00827167e+00  3.28207181e+00  8.51138038e+05  1.22367861e-02  3.25426701e+00  1.34635680e-02 
 5.94000000e+00  2.00833519e+00  3.28207181e+00  8.70963590e+05  1.19478642e-02  3.25426296e+00  1.31748627e-02 
 5.95000000e+00  2.00839727e+00  3.28207181e+00  8.91250938e+05  1.16654700e-02  3.25425901e+00  1.28926801e-02 
 5.96000000e+00  2.00845794e+00  3.28207181e+00  9.12010839e+05  1.13894567e-02  3.25425514e+00  1.26168737e-02 
 5.97000000e+00  2.00851725e+00  3.28207181e+00  9.33254301e+05  1.11196819e-02  3.25425137e+00  1.23473011e-02 
 5.98000000e+00  2.00857521e+00  3.28207181e+00  9.54992586e+05  1.08560054e-02  3.25424767e+00  1.20838223e-02 
 5.99000000e+00  2.00863187e+00  3.28207181e+00  9.77237221e+05  1.05982898e-02  3.25424407e+00  1.18262998e-02 
 6.00000000e+00  2.00868724e+00  3.28207181e+00  1.00000000e+06  1.03464012e-02  3.25424054e+00  1.15746001e-02 
 6.01000000e+00  2.00874136e+00  3.28207181e+00  1.02329299e+06  1.01002094e-02  3.25423709e+00  1.13285928e-02 
 6.02000000e+00  2.00879426e+00  3.28207181e+00  1.04712855e+06  9.85958613e-03  3.25423372e+00  1.10881499e-02 
 6.03000000e+00  2.00884596e+00  3.28207181e+00  1.07151931e+06  9.62440530e-03  3.25423043e+00  1.08531453e-02 
 6.04000000e+00  2.00889649e+00  3.28207181e+00  1.09647820e+06  9.39454604e-03  3.25422721e+00  1.06234584e-02 
 6.05000000e+00  2.00894588e+00  3.28207181e+00  1.12201845e+06  9.16988798e-03  3.25422407e+00  1.03989687e-02 
 6.06000000e+00  2.00899415e+00  3.28207181e+00  1.14815362e+06  8.95031425e-03  3.25422099e+00  1.01795595e-02 
 6.07000000e+00  2.00904133e+00  3.28207181e+00  1.17489755e+06  8.73571006e-03  3.25421799e+00  9.96511621e-03 
 6.08000000e+00  2.00908744e+00  3.28207181e+00  1.20226443e+06  8.52596387e-03  3.25421505e+00  9.75552724e-03 
 6.09000000e+00  2.00913250e+00  3.28207181e+00  1.23026877e+06  8.32096627e-03  3.25421218e+00  9.55068329e-03 
 6.10000000e+00  2.00917655e+00  3.28207181e+00  1.25892541e+06  8.12061015e-03  3.25420938e+00  9.35047734e-03 
 6.11000000e+00  2.00921959e+00  3.28207181e+00  1.28824955e+06  7.92479166e-03  3.25420664e+00  9.15480563e-03 
 6.12000000e+00  2.00926167e+00  3.28207181e+00  1.31825674e+06  7.73340743e-03  3.25420396e+00  8.96356485e-03 
 6.13000000e+00  2.00930279e+00  3.28207181e+00  1.34896288e+06  7.54635851e-03  3.25420134e+00  8.77665614e-03 
 6.14000000e+00  2.00934298e+00  3.28207181e+00  1.38038426e+06  7.36354687e-03  3.25419878e+00  8.59398152e-03 
 6.15000000e+00  2.00938225e+00  3.28207181e+00  1.41253754e+06  7.18487706e-03  3.25419628e+00  8.41544563e-03 
 6.16000000e+00  2.00942064e+00  3.28207181e+00  1.44543977e+06  7.01025478e-03  3.25419383e+00  8.24095424e-03 
 6.17000000e+00  2.00945816e+00  3.28207181e+00  1.47910839e+06  6.83959038e-03  3.25419144e+00  8.07041776e-03 
 6.18000000e+00  2.00949483e+00  3.28207181e+00  1.51356125e+06  6.67279307e-03  3.25418911e+00  7.90374547e-03 
 6.19000000e+00  2.00953066e+00  3.28207181e+00  1.54881662e+06  6.50977646e-03  3.25418683e+00  7.74085105e-03 
 6.20000000e+00  2.00956569e+00  3.28207181e+00  1.58489319e+06  6.35045511e-03  3.25418460e+00  7.58164912e-03 
 6.21000000e+00  2.00959992e+00  3.28207181e+00  1.62181010e+06  6.19474496e-03  3.25418242e+00  7.42605568e-03 
 6.22000000e+00  2.00963337e+00  3.28207181e+00  1.65958691e+06  6.04256545e-03  3.25418029e+00  7.27399024e-03 
 6.23000000e+00  2.00966607e+00  3.28207181e+00  1.69824365e+06  5.89383626e-03  3.25417820e+00  7.12537253e-03 
 6.24000000e+00  2.00969802e+00  3.28207181e+00  1.73780083e+06  5.74847963e-03  3.25417617e+00  6.98012485e-03 
 6.25000000e+00  2.00972925e+00  3.28207181e+00  1.77827941e+06  5.60641941e-03  3.25417418e+00  6.83817111e-03 
 6.26000000e+00  2.00975977e+00  3.28207181e+00  1.81970086e+06  5.46758086e-03  3.25417224e+00  6.69943663e-03 
 6.27000000e+00  2.00978960e+00  3.28207181e+00  1.86208714e+06  5.33189136e-03  3.25417034e+00  6.56384883e-03 
 6.28000000e+00  2.00981876e+00  3.28207181e+00  1.90546072e+06  5.19927987e-03  3.25416848e+00  6.43133674e-03 
 6.29000000e+00  2.00984725e+00  3.28207181e+00  1.94984460e+06  5.06967679e-03  3.25416666e+00  6.30183080e-03 
 6.30000000e+00  2.00987509e+00  3.28207181e+00  1.99526231e+06  4.94301366e-03  3.25416489e+00  6.17526261e-03 
 6.31000000e+00  2.00990230e+00  3.28207181e+00  2.04173794e+06  4.81922436e-03  3.25416316e+00  6.05156609e-03 
 6.32000000e+00  2.00992890e+00  3.28207181e+00  2.08929613e+06  4.69824416e-03  3.25416146e+00  5.93067658e-03 
 6.33000000e+00  2.00995489e+00  3.28207181e+00  2.13796209e+06  4.58000903e-03  3.25415981e+00  5.81253007e-03 
 6.34000000e+00  2.00998030e+00  3.28207181e+00  2.18776162e+06  4.46445681e-03  3.25415819e+00  5.69706447e-03 
 6.35000000e+00  2.01000512e+00  3.28207181e+00  2.23872114e+06  4.35152743e-03  3.25415661e+00  5.58421973e-03 
 6.36000000e+00  2.01002938e+00  3.28207181e+00  2.29086765e+06  4.24116128e-03  3.25415507e+00  5.47393631e-03 
 6.37000000e+00  2.01005309e+00  3.28207181e+00  2.34422882e+06  4.13329992e-03  3.25415356e+00  5.36615580e-03 
 6.38000000e+00  2.01007627e+00  3.28207181e+00  2.39883292e+06  4.02788701e-03  3.25415208e+00  5.26082190e-03 
 6.39000000e+00  2.01009892e+00  3.28207181e+00  2.45470892e+06  3.92486737e-03  3.25415064e+00  5.15787947e-03 
 6.40000000e+00  2.01012105e+00  3.28207181e+00  2.51188643e+06  3.82418605e-03  3.25414923e+00  5.05727361e-03 
 6.41000000e+00  2.01014268e+00  3.28207181e+00  2.57039578e+06  3.72579088e-03  3.25414785e+00  4.95895220e-03 
 6.42000000e+00  2.01016382e+00  3.28207181e+00  2.63026799e+06  3.62962927e-03  3.25414650e+00  4.86286266e-03 
 6.43000000e+00  2.01018448e+00  3.28207181e+00  2.69153480e+06  3.53565183e-03  3.25414519e+00  4.76895567e-03 
 6.44000000e+00  2.01020467e+00  3.28207181e+00  2.75422870e+06  3.44380829e-03  3.25414390e+00  4.67718097e-03 
 6.45000000e+00  2.01022440e+00  3.28207181e+00  2.81838293e+06  3.35405022e-03  3.25414265e+00  4.58749017e-03 
 6.46000000e+00  2.01024368e+00  3.28207181e+00  2.88403150e+06  3.26633058e-03  3.25414142e+00  4.49983628e-03 
 6.47000000e+00  2.01026253e+00  3.28207181e+00  2.95120923e+06  3.18060303e-03  3.25414022e+00  4.41417299e-03 
 6.48000000e+00  2.01028095e+00  3.28207181e+00  3.01995172e+06  3.09682288e-03  3.25413904e+00  4.33045564e-03 
 6.49000000e+00  2.01029895e+00  3.28207181e+00  3.09029543e+06  3.01494566e-03  3.25413790e+00  4.24863979e-03 
 6.50000000e+00  2.01031654e+00  3.28207181e+00  3.16227766e+06  2.93492805e-03  3.25413678e+00  4.16868216e-03 
