 3.00000000e+00  1.40704565e+00  1.64935973e+00  1.65005198e+00  1.00000000e+03  3.25406145e+00  4.33878235e-02  3.25285801e+00 
 3.01000000e+00  1.40704565e+00  1.64935973e+00  1.65005198e+00  1.02329299e+03  3.25406145e+00  4.33878233e-02  3.25285801e+00 
 3.02000000e+00  1.40704565e+00  1.64935973e+00  1.65005198e+00  1.04712855e+03  3.25406145e+00  4.33878242e-02  3.25285801e+00 
 3.03000000e+00  1.40704565e+00  1.64935973e+00  1.65005198e+00  1.07151931e+03  3.25406145e+00  4.33878247e-02  3.25285801e+00 
 3.04000000e+00  1.40704565e+00  1.64935973e+00  1.65005198e+00  1.09647820e+03  3.25406145e+00  4.33878263e-02  3.25285801e+00 
 3.05000000e+00  1.40704565e+00  1.64935973e+00  1.65005198e+00  1.12201845e+03  3.25406145e+00  4.33878263e-02  3.25285801e+00 
 3.06000000e+00  1.40704565e+00  1.64935973e+00  1.65005198e+00  1.14815362e+03  3.25406145e+00  4.33878275e-02  3.25285801e+00 
 3.07000000e+00  1.40704565e+00  1.64935973e+00  1.65005198e+00  1.17489755e+03  3.25406145e+00  4.33878284e-02  3.25285801e+00 
 3.08000000e+00  1.40704565e+00  1.64935973e+00  1.65005198e+00  1.20226443e+03  3.25406145e+00  4.33878296e-02  3.25285801e+00 
 3.09000000e+00  1.40704565e+00  1.64935973e+00  1.65005198e+00  1.23026877e+03  3.25406145e+00  4.33878303e-02  3.25285801e+00 
 3.10000000e+00  1.40704565e+00  1.64935973e+00  1.65005198e+00  1.25892541e+03  3.25406145e+00  4.33878319e-02  3.25285801e+00 
 3.11000000e+00  1.40704565e+00  1.64935973e+00  1.65005198e+00  1.28824955e+03  3.25406144e+00  4.33878331e-02  3.25285800e+00 
 3.12000000e+00  1.40704565e+00  1.64935973e+00  1.65005198e+00  1.31825674e+03  3.25406144e+00  4.33878354e-02  3.25285800e+00 
 3.13000000e+00  1.40704565e+00  1.64935973e+00  1.65005198e+00  1.34896288e+03  3.25406144e+00  4.33878373e-02  3.25285800e+00 
 3.14000000e+00  1.40704565e+00  1.64935973e+00  1.65005198e+00  1.38038426e+03  3.25406144e+00  4.33878415e-02  3.25285800e+00 
 3.15000000e+00  1.40722129e+00  1.64935973e+00  1.65005198e+00  1.41253754e+03  3.25326248e+00  4.41867896e-02  3.25205964e+00 
 3.16000000e+00  1.40745322e+00  1.64935973e+00  1.65005198e+00  1.44543977e+03  3.25220745e+00  4.52418130e-02  3.25100540e+00 
 3.17000000e+00  1.40769046e+00  1.64935973e+00  1.65005198e+00  1.47910839e+03  3.25112827e+00  4.63209870e-02  3.24992703e+00 
 3.18000000e+00  1.40793307e+00  1.64935973e+00  1.65005198e+00  1.51356125e+03  3.25002470e+00  4.74245565e-02  3.24882428e+00 
 3.19000000e+00  1.40818115e+00  1.64935973e+00  1.65005198e+00  1.54881662e+03  3.24889619e+00  4.85530568e-02  3.24769662e+00 
 3.20000000e+00  1.40843483e+00  1.64935973e+00  1.65005198e+00  1.58489319e+03  3.24774220e+00  4.97070321e-02  3.24654350e+00 
 3.21000000e+00  1.40869424e+00  1.64935973e+00  1.65005198e+00  1.62181010e+03  3.24656219e+00  5.08870396e-02  3.24536437e+00 
 3.22000000e+00  1.40895950e+00  1.64935973e+00  1.65005198e+00  1.65958691e+03  3.24535558e+00  5.20936453e-02  3.24415866e+00 
 3.23000000e+00  1.40923073e+00  1.64935973e+00  1.65005198e+00  1.69824365e+03  3.24412179e+00  5.33274280e-02  3.24292580e+00 
 3.24000000e+00  1.40950806e+00  1.64935973e+00  1.65005198e+00  1.73780083e+03  3.24286023e+00  5.45889789e-02  3.24166518e+00 
 3.25000000e+00  1.40979163e+00  1.64935973e+00  1.65005198e+00  1.77827941e+03  3.24157030e+00  5.58789000e-02  3.24037622e+00 
 3.26000000e+00  1.41008157e+00  1.64935973e+00  1.65005198e+00  1.81970086e+03  3.24025138e+00  5.71978053e-02  3.23905830e+00 
 3.27000000e+00  1.41037475e+00  1.64935973e+00  1.65005198e+00  1.86208714e+03  3.23891777e+00  5.85314112e-02  3.23772568e+00 
 3.28000000e+00  1.41067771e+00  1.64935973e+00  1.65005198e+00  1.90546072e+03  3.23753965e+00  5.99095186e-02  3.23634860e+00 
 3.29000000e+00  1.41098752e+00  1.64935973e+00  1.65005198e+00  1.94984460e+03  3.23613032e+00  6.13188425e-02  3.23494032e+00 
 3.30000000e+00  1.41130428e+00  1.64935973e+00  1.65005198e+00  1.99526231e+03  3.23468942e+00  6.27597331e-02  3.23350050e+00 
 3.31000000e+00  1.41162813e+00  1.64935973e+00  1.65005198e+00  2.04173794e+03  3.23321628e+00  6.42328600e-02  3.23202847e+00 
 3.32000000e+00  1.41195921e+00  1.64935973e+00  1.65005198e+00  2.08929613e+03  3.23171022e+00  6.57389125e-02  3.23052354e+00 
 3.33000000e+00  1.41229769e+00  1.64935973e+00  1.65005198e+00  2.13796209e+03  3.23017053e+00  6.72785950e-02  3.22898500e+00 
 3.34000000e+00  1.41264372e+00  1.64935973e+00  1.65005198e+00  2.18776162e+03  3.22859649e+00  6.88526237e-02  3.22741214e+00 
 3.35000000e+00  1.41299746e+00  1.64935973e+00  1.65005198e+00  2.23872114e+03  3.22698737e+00  7.04617305e-02  3.22580423e+00 
 3.36000000e+00  1.41335907e+00  1.64935973e+00  1.65005198e+00  2.29086765e+03  3.22534243e+00  7.21066594e-02  3.22416052e+00 
 3.37000000e+00  1.41372873e+00  1.64935973e+00  1.65005198e+00  2.34422882e+03  3.22366091e+00  7.37881707e-02  3.22248026e+00 
 3.38000000e+00  1.41410659e+00  1.64935973e+00  1.65005198e+00  2.39883292e+03  3.22194204e+00  7.55070353e-02  3.22076268e+00 
 3.39000000e+00  1.41449285e+00  1.64935973e+00  1.65005198e+00  2.45470892e+03  3.22018502e+00  7.72640426e-02  3.21900697e+00 
 3.40000000e+00  1.41488766e+00  1.64935973e+00  1.65005198e+00  2.51188643e+03  3.21838906e+00  7.90599941e-02  3.21721236e+00 
 3.41000000e+00  1.41529122e+00  1.64935973e+00  1.65005198e+00  2.57039578e+03  3.21655333e+00  8.08957080e-02  3.21537801e+00 
 3.42000000e+00  1.41570370e+00  1.64935973e+00  1.65005198e+00  2.63026799e+03  3.21467701e+00  8.27720154e-02  3.21350309e+00 
 3.43000000e+00  1.41612529e+00  1.64935973e+00  1.65005198e+00  2.69153480e+03  3.21275925e+00  8.46897648e-02  3.21158677e+00 
 3.44000000e+00  1.41655618e+00  1.64935973e+00  1.65005198e+00  2.75422870e+03  3.21079918e+00  8.66498186e-02  3.20962817e+00 
 3.45000000e+00  1.41699656e+00  1.64935973e+00  1.65005198e+00  2.81838293e+03  3.20879593e+00  8.86530550e-02  3.20762643e+00 
 3.46000000e+00  1.41744663e+00  1.64935973e+00  1.65005198e+00  2.88403150e+03  3.20674861e+00  9.07003686e-02  3.20558063e+00 
 3.47000000e+00  1.41790659e+00  1.64935973e+00  1.65005198e+00  2.95120923e+03  3.20465629e+00  9.27926693e-02  3.20348989e+00 
 3.48000000e+00  1.41837665e+00  1.64935973e+00  1.65005198e+00  3.01995172e+03  3.20251807e+00  9.49308833e-02  3.20135326e+00 
 3.49000000e+00  1.41885700e+00  1.64935973e+00  1.65005198e+00  3.09029543e+03  3.20033298e+00  9.71159525e-02  3.19916982e+00 
 3.50000000e+00  1.41934787e+00  1.64935973e+00  1.65005198e+00  3.16227766e+03  3.19810008e+00  9.93488361e-02  3.19693860e+00 
 3.51000000e+00  1.41984946e+00  1.64935973e+00  1.65005198e+00  3.23593657e+03  3.19581840e+00  1.01630509e-01  3.19465862e+00 
 3.52000000e+00  1.42036200e+00  1.64935973e+00  1.65005198e+00  3.31131121e+03  3.19348693e+00  1.03961963e-01  3.19232890e+00 
 3.53000000e+00  1.42088570e+00  1.64935973e+00  1.65005198e+00  3.38844156e+03  3.19110467e+00  1.06344207e-01  3.18994842e+00 
 3.54000000e+00  1.42142080e+00  1.64935973e+00  1.65005198e+00  3.46736850e+03  3.18867059e+00  1.08778267e-01  3.18751617e+00 
 3.55000000e+00  1.42196751e+00  1.64935973e+00  1.65005198e+00  3.54813389e+03  3.18618366e+00  1.11265185e-01  3.18503110e+00 
 3.56000000e+00  1.42252608e+00  1.64935973e+00  1.65005198e+00  3.63078055e+03  3.18364281e+00  1.13806021e-01  3.18249216e+00 
 3.57000000e+00  1.42309673e+00  1.64935973e+00  1.65005198e+00  3.71535229e+03  3.18104696e+00  1.16401850e-01  3.17989826e+00 
 3.58000000e+00  1.42367972e+00  1.64935973e+00  1.65005198e+00  3.80189396e+03  3.17839503e+00  1.19053769e-01  3.17724831e+00 
 3.59000000e+00  1.42427528e+00  1.64935973e+00  1.65005198e+00  3.89045145e+03  3.17568589e+00  1.21762890e-01  3.17454120e+00 
 3.60000000e+00  1.42488366e+00  1.64935973e+00  1.65005198e+00  3.98107171e+03  3.17291842e+00  1.24530339e-01  3.17177581e+00 
 3.61000000e+00  1.42550512e+00  1.64935973e+00  1.65005198e+00  4.07380278e+03  3.17009148e+00  1.27357265e-01  3.16895098e+00 
 3.62000000e+00  1.42613991e+00  1.64935973e+00  1.65005198e+00  4.16869383e+03  3.16720389e+00  1.30244832e-01  3.16606556e+00 
 3.63000000e+00  1.42678829e+00  1.64935973e+00  1.65005198e+00  4.26579519e+03  3.16425448e+00  1.33194222e-01  3.16311837e+00 
 3.64000000e+00  1.42745053e+00  1.64935973e+00  1.65005198e+00  4.36515832e+03  3.16124205e+00  1.36206635e-01  3.16010819e+00 
 3.65000000e+00  1.42812689e+00  1.64935973e+00  1.65005198e+00  4.46683592e+03  3.15816538e+00  1.39283287e-01  3.15703383e+00 
 3.66000000e+00  1.42881764e+00  1.64935973e+00  1.65005198e+00  4.57088190e+03  3.15502323e+00  1.42425415e-01  3.15389403e+00 
 3.67000000e+00  1.42952306e+00  1.64935973e+00  1.65005198e+00  4.67735141e+03  3.15181436e+00  1.45634270e-01  3.15068756e+00 
 3.68000000e+00  1.43024343e+00  1.64935973e+00  1.65005198e+00  4.78630092e+03  3.14853748e+00  1.48911124e-01  3.14741315e+00 
 3.69000000e+00  1.43097903e+00  1.64935973e+00  1.65005198e+00  4.89778819e+03  3.14519132e+00  1.52257263e-01  3.14406949e+00 
 3.70000000e+00  1.43173015e+00  1.64935973e+00  1.65005198e+00  5.01187234e+03  3.14177457e+00  1.55673994e-01  3.14065530e+00 
 3.71000000e+00  1.43249707e+00  1.64935973e+00  1.65005198e+00  5.12861384e+03  3.13828590e+00  1.59162640e-01  3.13716925e+00 
 3.72000000e+00  1.43328011e+00  1.64935973e+00  1.65005198e+00  5.24807460e+03  3.13472398e+00  1.62724540e-01  3.13361000e+00 
 3.73000000e+00  1.43407954e+00  1.64935973e+00  1.65005198e+00  5.37031796e+03  3.13108744e+00  1.66361053e-01  3.12997619e+00 
 3.74000000e+00  1.43489568e+00  1.64935973e+00  1.65005198e+00  5.49540874e+03  3.12737492e+00  1.70073551e-01  3.12626645e+00 
 3.75000000e+00  1.43572883e+00  1.64935973e+00  1.65005198e+00  5.62341325e+03  3.12358502e+00  1.73863428e-01  3.12247939e+00 
 3.76000000e+00  1.43658820e+00  1.64935973e+00  1.65005198e+00  5.75439937e+03  3.11967583e+00  1.77772593e-01  3.11857313e+00 
 3.77000000e+00  1.43744760e+00  1.64935973e+00  1.65005198e+00  5.88843655e+03  3.11576655e+00  1.81681849e-01  3.11466678e+00 
 3.78000000e+00  1.43833346e+00  1.64935973e+00  1.65005198e+00  6.02559586e+03  3.11173686e+00  1.85711513e-01  3.11064011e+00 
 3.79000000e+00  1.43923778e+00  1.64935973e+00  1.65005198e+00  6.16595002e+03  3.10762321e+00  1.89825130e-01  3.10652955e+00 
 3.80000000e+00  1.44016070e+00  1.64935973e+00  1.65005198e+00  6.30957344e+03  3.10342497e+00  1.94023348e-01  3.10233445e+00 
 3.81000000e+00  1.44110254e+00  1.64935973e+00  1.65005198e+00  6.45654229e+03  3.09914065e+00  1.98307636e-01  3.09805335e+00 
 3.82000000e+00  1.44206363e+00  1.64935973e+00  1.65005198e+00  6.60693448e+03  3.09476876e+00  2.02679497e-01  3.09368474e+00 
 3.83000000e+00  1.44304430e+00  1.64935973e+00  1.65005198e+00  6.76082975e+03  3.09030778e+00  2.07140450e-01  3.08922710e+00 
 3.84000000e+00  1.44404490e+00  1.64935973e+00  1.65005198e+00  6.91830971e+03  3.08575618e+00  2.11692025e-01  3.08467891e+00 
 3.85000000e+00  1.44506576e+00  1.64935973e+00  1.65005198e+00  7.07945784e+03  3.08111240e+00  2.16335770e-01  3.08003861e+00 
 3.86000000e+00  1.44610723e+00  1.64935973e+00  1.65005198e+00  7.24435960e+03  3.07637490e+00  2.21073245e-01  3.07530466e+00 
 3.87000000e+00  1.44716964e+00  1.64935973e+00  1.65005198e+00  7.41310241e+03  3.07154209e+00  2.25906021e-01  3.07047548e+00 
 3.88000000e+00  1.44825336e+00  1.64935973e+00  1.65005198e+00  7.58577575e+03  3.06661240e+00  2.30835683e-01  3.06554948e+00 
 3.89000000e+00  1.44935872e+00  1.64935973e+00  1.65005198e+00  7.76247117e+03  3.06158422e+00  2.35863827e-01  3.06052507e+00 
 3.90000000e+00  1.45048609e+00  1.64935973e+00  1.65005198e+00  7.94328235e+03  3.05645595e+00  2.40992062e-01  3.05540065e+00 
 3.91000000e+00  1.45163582e+00  1.64935973e+00  1.65005198e+00  8.12830516e+03  3.05122598e+00  2.46222005e-01  3.05017459e+00 
 3.92000000e+00  1.45280827e+00  1.64935973e+00  1.65005198e+00  8.31763771e+03  3.04589266e+00  2.51555284e-01  3.04484528e+00 
 3.93000000e+00  1.45400379e+00  1.64935973e+00  1.65005198e+00  8.51138038e+03  3.04045438e+00  2.56993537e-01  3.03941107e+00 
 3.94000000e+00  1.45522275e+00  1.64935973e+00  1.65005198e+00  8.70963590e+03  3.03490947e+00  2.62538408e-01  3.03387032e+00 
 3.95000000e+00  1.45646551e+00  1.64935973e+00  1.65005198e+00  8.91250938e+03  3.02925629e+00  2.68191553e-01  3.02822137e+00 
 3.96000000e+00  1.45773244e+00  1.64935973e+00  1.65005198e+00  9.12010839e+03  3.02349318e+00  2.73954627e-01  3.02246258e+00 
 3.97000000e+00  1.45902390e+00  1.64935973e+00  1.65005198e+00  9.33254301e+03  3.01761847e+00  2.79829299e-01  3.01659228e+00 
 3.98000000e+00  1.46034026e+00  1.64935973e+00  1.65005198e+00  9.54992586e+03  3.01163049e+00  2.85817237e-01  3.01060879e+00 
 3.99000000e+00  1.46168189e+00  1.64935973e+00  1.65005198e+00  9.77237221e+03  3.00552758e+00  2.91920117e-01  3.00451045e+00 
 4.00000000e+00  1.46304916e+00  1.64935973e+00  1.65005198e+00  1.00000000e+04  2.99930804e+00  2.98139613e-01  2.99829557e+00 
 4.01000000e+00  1.46444243e+00  1.64935973e+00  1.65005198e+00  1.02329299e+04  2.99297021e+00  3.04477405e-01  2.99196249e+00 
 4.02000000e+00  1.46586208e+00  1.64935973e+00  1.65005198e+00  1.04712855e+04  2.98651240e+00  3.10935173e-01  2.98550952e+00 
 4.03000000e+00  1.46730847e+00  1.64935973e+00  1.65005198e+00  1.07151931e+04  2.97993294e+00  3.17514593e-01  2.97893500e+00 
 4.04000000e+00  1.46878197e+00  1.64935973e+00  1.65005198e+00  1.09647820e+04  2.97323014e+00  3.24217342e-01  2.97223723e+00 
 4.05000000e+00  1.47028295e+00  1.64935973e+00  1.65005198e+00  1.12201845e+04  2.96640235e+00  3.31045094e-01  2.96541455e+00 
 4.06000000e+00  1.47181179e+00  1.64935973e+00  1.65005198e+00  1.14815362e+04  2.95944788e+00  3.37999517e-01  2.95846530e+00 
 4.07000000e+00  1.47336883e+00  1.64935973e+00  1.65005198e+00  1.17489755e+04  2.95236508e+00  3.45082273e-01  2.95138780e+00 
 4.08000000e+00  1.47495444e+00  1.64935973e+00  1.65005198e+00  1.20226443e+04  2.94515229e+00  3.52295019e-01  2.94418042e+00 
 4.09000000e+00  1.47656900e+00  1.64935973e+00  1.65005198e+00  1.23026877e+04  2.93780786e+00  3.59639400e-01  2.93684150e+00 
 4.10000000e+00  1.47821286e+00  1.64935973e+00  1.65005198e+00  1.25892541e+04  2.93033016e+00  3.67117054e-01  2.92936940e+00 
 4.11000000e+00  1.47988637e+00  1.64935973e+00  1.65005198e+00  1.28824955e+04  2.92271756e+00  3.74729603e-01  2.92176251e+00 
 4.12000000e+00  1.48158988e+00  1.64935973e+00  1.65005198e+00  1.31825674e+04  2.91496846e+00  3.82478658e-01  2.91401922e+00 
 4.13000000e+00  1.48332376e+00  1.64935973e+00  1.65005198e+00  1.34896288e+04  2.90708125e+00  3.90365814e-01  2.90613792e+00 
 4.14000000e+00  1.48508835e+00  1.64935973e+00  1.65005198e+00  1.38038426e+04  2.89905436e+00  3.98392648e-01  2.89811705e+00 
 4.15000000e+00  1.48688398e+00  1.64935973e+00  1.65005198e+00  1.41253754e+04  2.89088624e+00  4.06560720e-01  2.88995505e+00 
 4.16000000e+00  1.48871100e+00  1.64935973e+00  1.65005198e+00  1.44543977e+04  2.88257534e+00  4.14871568e-01  2.88165038e+00 
 4.17000000e+00  1.49056974e+00  1.64935973e+00  1.65005198e+00  1.47910839e+04  2.87412015e+00  4.23326705e-01  2.87320153e+00 
 4.18000000e+00  1.49246053e+00  1.64935973e+00  1.65005198e+00  1.51356125e+04  2.86551918e+00  4.31927623e-01  2.86460700e+00 
 4.19000000e+00  1.49438368e+00  1.64935973e+00  1.65005198e+00  1.54881662e+04  2.85677096e+00  4.40675786e-01  2.85586534e+00 
 4.20000000e+00  1.49633953e+00  1.64935973e+00  1.65005198e+00  1.58489319e+04  2.84787406e+00  4.49572626e-01  2.84697512e+00 
 4.21000000e+00  1.49832836e+00  1.64935973e+00  1.65005198e+00  1.62181010e+04  2.83882708e+00  4.58619550e-01  2.83793492e+00 
 4.22000000e+00  1.50035049e+00  1.64935973e+00  1.65005198e+00  1.65958691e+04  2.82962864e+00  4.67817926e-01  2.82874338e+00 
 4.23000000e+00  1.50240621e+00  1.64935973e+00  1.65005198e+00  1.69824365e+04  2.82027742e+00  4.77169089e-01  2.81939916e+00 
 4.24000000e+00  1.50449580e+00  1.64935973e+00  1.65005198e+00  1.73780083e+04  2.81077211e+00  4.86674338e-01  2.80990098e+00 
 4.25000000e+00  1.50661954e+00  1.64935973e+00  1.65005198e+00  1.77827941e+04  2.80111146e+00  4.96334930e-01  2.80024757e+00 
 4.26000000e+00  1.50877770e+00  1.64935973e+00  1.65005198e+00  1.81970086e+04  2.79129424e+00  5.06152080e-01  2.79043772e+00 
 4.27000000e+00  1.51097054e+00  1.64935973e+00  1.65005198e+00  1.86208714e+04  2.78131930e+00  5.16126958e-01  2.78047025e+00 
 4.28000000e+00  1.51319829e+00  1.64935973e+00  1.65005198e+00  1.90546072e+04  2.77118551e+00  5.26260688e-01  2.77034405e+00 
 4.29000000e+00  1.51546120e+00  1.64935973e+00  1.65005198e+00  1.94984460e+04  2.76089179e+00  5.36554343e-01  2.76005805e+00 
 4.30000000e+00  1.51775950e+00  1.64935973e+00  1.65005198e+00  1.99526231e+04  2.75043712e+00  5.47008946e-01  2.74961122e+00 
 4.31000000e+00  1.52009339e+00  1.64935973e+00  1.65005198e+00  2.04173794e+04  2.73982053e+00  5.57625466e-01  2.73900259e+00 
 4.32000000e+00  1.52246307e+00  1.64935973e+00  1.65005198e+00  2.08929613e+04  2.72904112e+00  5.68404809e-01  2.72823126e+00 
 4.33000000e+00  1.52486874e+00  1.64935973e+00  1.65005198e+00  2.13796209e+04  2.71809803e+00  5.79347831e-01  2.71729637e+00 
 4.34000000e+00  1.52731056e+00  1.64935973e+00  1.65005198e+00  2.18776162e+04  2.70699047e+00  5.90455318e-01  2.70619714e+00 
 4.35000000e+00  1.52978869e+00  1.64935973e+00  1.65005198e+00  2.23872114e+04  2.69571772e+00  6.01727995e-01  2.69493284e+00 
 4.36000000e+00  1.53230329e+00  1.64935973e+00  1.65005198e+00  2.29086765e+04  2.68427912e+00  6.13166519e-01  2.68350282e+00 
 4.37000000e+00  1.53485447e+00  1.64935973e+00  1.65005198e+00  2.34422882e+04  2.67267409e+00  6.24771477e-01  2.67190649e+00 
 4.38000000e+00  1.53744235e+00  1.64935973e+00  1.65005198e+00  2.39883292e+04  2.66090211e+00  6.36543385e-01  2.66014333e+00 
 4.39000000e+00  1.54006704e+00  1.64935973e+00  1.65005198e+00  2.45470892e+04  2.64896273e+00  6.48482682e-01  2.64821290e+00 
 4.40000000e+00  1.54272860e+00  1.64935973e+00  1.65005198e+00  2.51188643e+04  2.63685561e+00  6.60589732e-01  2.63611485e+00 
 4.41000000e+00  1.54542710e+00  1.64935973e+00  1.65005198e+00  2.57039578e+04  2.62458044e+00  6.72864816e-01  2.62384889e+00 
 4.42000000e+00  1.54816258e+00  1.64935973e+00  1.65005198e+00  2.63026799e+04  2.61213705e+00  6.85308135e-01  2.61141482e+00 
 4.43000000e+00  1.55095392e+00  1.64935973e+00  1.65005198e+00  2.69153480e+04  2.59943957e+00  6.98005533e-01  2.59872686e+00 
 4.44000000e+00  1.55374493e+00  1.64935973e+00  1.65005198e+00  2.75422870e+04  2.58674361e+00  7.10701410e-01  2.58604042e+00 
 4.45000000e+00  1.55659110e+00  1.64935973e+00  1.65005198e+00  2.81838293e+04  2.57379669e+00  7.23648249e-01  2.57310321e+00 
 4.46000000e+00  1.55947458e+00  1.64935973e+00  1.65005198e+00  2.88403150e+04  2.56068010e+00  7.36764750e-01  2.55999645e+00 
 4.47000000e+00  1.56239497e+00  1.64935973e+00  1.65005198e+00  2.95120923e+04  2.54739557e+00  7.50049194e-01  2.54672188e+00 
 4.48000000e+00  1.56535220e+00  1.64935973e+00  1.65005198e+00  3.01995172e+04  2.53394347e+00  7.63501209e-01  2.53327987e+00 
 4.49000000e+00  1.56834617e+00  1.64935973e+00  1.65005198e+00  3.09029543e+04  2.52032424e+00  7.77120352e-01  2.51967085e+00 
 4.50000000e+00  1.57137677e+00  1.64935973e+00  1.65005198e+00  3.16227766e+04  2.50653843e+00  7.90906077e-01  2.50589537e+00 
 4.51000000e+00  1.57444384e+00  1.64935973e+00  1.65005198e+00  3.23593657e+04  2.49258668e+00  8.04857737e-01  2.49195408e+00 
 4.52000000e+00  1.57754722e+00  1.64935973e+00  1.65005198e+00  3.31131121e+04  2.47846975e+00  8.18974581e-01  2.47784773e+00 
 4.53000000e+00  1.58068673e+00  1.64935973e+00  1.65005198e+00  3.38844156e+04  2.46418849e+00  8.33255752e-01  2.46357717e+00 
 4.54000000e+00  1.58386216e+00  1.64935973e+00  1.65005198e+00  3.46736850e+04  2.44974386e+00  8.47700282e-01  2.44914338e+00 
 4.55000000e+00  1.58707325e+00  1.64935973e+00  1.65005198e+00  3.54813389e+04  2.43513696e+00  8.62307093e-01  2.43454742e+00 
 4.56000000e+00  1.59031976e+00  1.64935973e+00  1.65005198e+00  3.63078055e+04  2.42036896e+00  8.77075000e-01  2.41979049e+00 
 4.57000000e+00  1.59360140e+00  1.64935973e+00  1.65005198e+00  3.71535229e+04  2.40544116e+00  8.92002701e-01  2.40487389e+00 
 4.58000000e+00  1.59691786e+00  1.64935973e+00  1.65005198e+00  3.80189396e+04  2.39035498e+00  9.07088781e-01  2.38979902e+00 
 4.59000000e+00  1.60028627e+00  1.64935973e+00  1.65005198e+00  3.89045145e+04  2.37503249e+00  9.22411183e-01  2.37448801e+00 
 4.60000000e+00  1.60365415e+00  1.64935973e+00  1.65005198e+00  3.98107171e+04  2.35971241e+00  9.37731165e-01  2.35917941e+00 
 4.61000000e+00  1.60707265e+00  1.64935973e+00  1.65005198e+00  4.07380278e+04  2.34416202e+00  9.53281448e-01  2.34364069e+00 
 4.62000000e+00  1.61052476e+00  1.64935973e+00  1.65005198e+00  4.16869383e+04  2.32845881e+00  9.68984566e-01  2.32794924e+00 
 4.63000000e+00  1.61400975e+00  1.64935973e+00  1.65005198e+00  4.26579519e+04  2.31260600e+00  9.84837270e-01  2.31210832e+00 
 4.64000000e+00  1.61752715e+00  1.64935973e+00  1.65005198e+00  4.36515832e+04  2.29660575e+00  1.00083742e+00  2.29612006e+00 
 4.65000000e+00  1.62107648e+00  1.64935973e+00  1.65005198e+00  4.46683592e+04  2.28046028e+00  1.01698279e+00  2.27998669e+00 
 4.66000000e+00  1.62465721e+00  1.64935973e+00  1.65005198e+00  4.57088190e+04  2.26417195e+00  1.03327102e+00  2.26371057e+00 
 4.67000000e+00  1.62826880e+00  1.64935973e+00  1.65005198e+00  4.67735141e+04  2.24774322e+00  1.04969963e+00  2.24729417e+00 
 4.68000000e+00  1.63191069e+00  1.64935973e+00  1.65005198e+00  4.78630092e+04  2.23117670e+00  1.06626605e+00  2.23074007e+00 
 4.69000000e+00  1.63558228e+00  1.64935973e+00  1.65005198e+00  4.89778819e+04  2.21447509e+00  1.08296755e+00  2.21405097e+00 
 4.70000000e+00  1.63928294e+00  1.64935973e+00  1.65005198e+00  5.01187234e+04  2.19764120e+00  1.09980133e+00  2.19722970e+00 
 4.71000000e+00  1.64301204e+00  1.64935973e+00  1.65005198e+00  5.12861384e+04  2.18067799e+00  1.11676444e+00  2.18027920e+00 
 4.72000000e+00  1.64678287e+00  1.64935973e+00  1.65005198e+00  5.24807460e+04  2.16352490e+00  1.13391741e+00  2.16313898e+00 
 4.73000000e+00  1.65056643e+00  1.64935973e+00  1.65005198e+00  5.37031796e+04  2.14631393e+00  1.15112828e+00  2.14594091e+00 
 4.74000000e+00  1.65437632e+00  1.64935973e+00  1.65005198e+00  5.49540874e+04  2.12898317e+00  1.16845892e+00  2.12862315e+00 
 4.75000000e+00  1.65821180e+00  1.64935973e+00  1.65005198e+00  5.62341325e+04  2.11153603e+00  1.18590596e+00  2.11118908e+00 
 4.76000000e+00  1.66207210e+00  1.64935973e+00  1.65005198e+00  5.75439937e+04  2.09397598e+00  1.20346589e+00  2.09364220e+00 
 4.77000000e+00  1.66595642e+00  1.64935973e+00  1.65005198e+00  5.88843655e+04  2.07630664e+00  1.22113512e+00  2.07598610e+00 
 4.78000000e+00  1.66985249e+00  1.64935973e+00  1.65005198e+00  6.02559586e+04  2.05858388e+00  1.23885777e+00  2.05827663e+00 
 4.79000000e+00  1.67378267e+00  1.64935973e+00  1.65005198e+00  6.16595002e+04  2.04070599e+00  1.25673555e+00  2.04041214e+00 
 4.80000000e+00  1.67773454e+00  1.64935973e+00  1.65005198e+00  6.30957344e+04  2.02272939e+00  1.27471203e+00  2.02244901e+00 
 4.81000000e+00  1.68170706e+00  1.64935973e+00  1.65005198e+00  6.45654229e+04  2.00465883e+00  1.29278247e+00  2.00439201e+00 
 4.82000000e+00  1.68569934e+00  1.64935973e+00  1.65005198e+00  6.60693448e+04  1.98649844e+00  1.31094275e+00  1.98624522e+00 
 4.83000000e+00  1.68971045e+00  1.64935973e+00  1.65005198e+00  6.76082975e+04  1.96825237e+00  1.32918870e+00  1.96801283e+00 
 4.84000000e+00  1.69373945e+00  1.64935973e+00  1.65005198e+00  6.91830971e+04  1.94992490e+00  1.34751606e+00  1.94969910e+00 
 4.85000000e+00  1.69778540e+00  1.64935973e+00  1.65005198e+00  7.07945784e+04  1.93152037e+00  1.36592047e+00  1.93130837e+00 
 4.86000000e+00  1.70184731e+00  1.64935973e+00  1.65005198e+00  7.24435960e+04  1.91304321e+00  1.38439751e+00  1.91284506e+00 
 4.87000000e+00  1.70592420e+00  1.64935973e+00  1.65005198e+00  7.41310241e+04  1.89449791e+00  1.40294270e+00  1.89431366e+00 
 4.88000000e+00  1.71001507e+00  1.64935973e+00  1.65005198e+00  7.58577575e+04  1.87588904e+00  1.42155145e+00  1.87571874e+00 
 4.89000000e+00  1.71411889e+00  1.64935973e+00  1.65005198e+00  7.76247117e+04  1.85722123e+00  1.44021914e+00  1.85706492e+00 
 4.90000000e+00  1.71823464e+00  1.64935973e+00  1.65005198e+00  7.94328235e+04  1.83849917e+00  1.45894107e+00  1.83835690e+00 
 4.91000000e+00  1.72236127e+00  1.64935973e+00  1.65005198e+00  8.12830516e+04  1.81972762e+00  1.47771250e+00  1.81959942e+00 
 4.92000000e+00  1.72649772e+00  1.64935973e+00  1.65005198e+00  8.31763771e+04  1.80091137e+00  1.49652863e+00  1.80079728e+00 
 4.93000000e+00  1.73064294e+00  1.64935973e+00  1.65005198e+00  8.51138038e+04  1.78205527e+00  1.51538461e+00  1.78195532e+00 
 4.94000000e+00  1.73479584e+00  1.64935973e+00  1.65005198e+00  8.70963590e+04  1.76316421e+00  1.53427555e+00  1.76307842e+00 
 4.95000000e+00  1.73895534e+00  1.64935973e+00  1.65005198e+00  8.91250938e+04  1.74424312e+00  1.55319652e+00  1.74417151e+00 
 4.96000000e+00  1.74312036e+00  1.64935973e+00  1.65005198e+00  9.12010839e+04  1.72529695e+00  1.57214257e+00  1.72523954e+00 
 4.97000000e+00  1.74728979e+00  1.64935973e+00  1.65005198e+00  9.33254301e+04  1.70633068e+00  1.59110872e+00  1.70628749e+00 
 4.98000000e+00  1.75146254e+00  1.64935973e+00  1.65005198e+00  9.54992586e+04  1.68734932e+00  1.61008996e+00  1.68732036e+00 
 4.99000000e+00  1.75563751e+00  1.64935973e+00  1.65005198e+00  9.77237221e+04  1.66835789e+00  1.62908126e+00  1.66834317e+00 
 5.00000000e+00  1.75981396e+00  1.64935973e+00  1.65005198e+00  1.00000000e+05  1.64935970e+00  1.64807934e+00  1.64935922e+00 
 5.01000000e+00  1.76398947e+00  1.64935973e+00  1.65005198e+00  1.02329299e+05  1.63036578e+00  1.66707313e+00  1.63037954e+00 
 5.02000000e+00  1.76816462e+00  1.64935973e+00  1.65005198e+00  1.04712855e+05  1.61137354e+00  1.68606525e+00  1.61140154e+00 
 5.03000000e+00  1.77233737e+00  1.64935973e+00  1.65005198e+00  1.07151931e+05  1.59239217e+00  1.70504651e+00  1.59243439e+00 
 5.04000000e+00  1.77650681e+00  1.64935973e+00  1.65005198e+00  1.09647820e+05  1.57342589e+00  1.72401266e+00  1.57348234e+00 
 5.05000000e+00  1.78067183e+00  1.64935973e+00  1.65005198e+00  1.12201845e+05  1.55447971e+00  1.74295872e+00  1.55455036e+00 
 5.06000000e+00  1.78483133e+00  1.64935973e+00  1.65005198e+00  1.14815362e+05  1.53555860e+00  1.76187971e+00  1.53564343e+00 
 5.07000000e+00  1.78898424e+00  1.64935973e+00  1.65005198e+00  1.17489755e+05  1.51666753e+00  1.78077066e+00  1.51676652e+00 
 5.08000000e+00  1.79312945e+00  1.64935973e+00  1.65005198e+00  1.20226443e+05  1.49781141e+00  1.79962666e+00  1.49792454e+00 
 5.09000000e+00  1.79726591e+00  1.64935973e+00  1.65005198e+00  1.23026877e+05  1.47899515e+00  1.81844280e+00  1.47912238e+00 
 5.10000000e+00  1.80139255e+00  1.64935973e+00  1.65005198e+00  1.25892541e+05  1.46022357e+00  1.83721426e+00  1.46036488e+00 
 5.11000000e+00  1.80550830e+00  1.64935973e+00  1.65005198e+00  1.28824955e+05  1.44150150e+00  1.85593622e+00  1.44165684e+00 
 5.12000000e+00  1.80961213e+00  1.64935973e+00  1.65005198e+00  1.31825674e+05  1.42283366e+00  1.87460393e+00  1.42300300e+00 
 5.13000000e+00  1.81370300e+00  1.64935973e+00  1.65005198e+00  1.34896288e+05  1.40422476e+00  1.89321271e+00  1.40440805e+00 
 5.14000000e+00  1.81777990e+00  1.64935973e+00  1.65005198e+00  1.38038426e+05  1.38567943e+00  1.91175792e+00  1.38587662e+00 
 5.15000000e+00  1.82184182e+00  1.64935973e+00  1.65005198e+00  1.41253754e+05  1.36720224e+00  1.93023500e+00  1.36741328e+00 
 5.16000000e+00  1.82588777e+00  1.64935973e+00  1.65005198e+00  1.44543977e+05  1.34879768e+00  1.94863944e+00  1.34902251e+00 
 5.17000000e+00  1.82991678e+00  1.64935973e+00  1.65005198e+00  1.47910839e+05  1.33047017e+00  1.96696683e+00  1.33070875e+00 
 5.18000000e+00  1.83392790e+00  1.64935973e+00  1.65005198e+00  1.51356125e+05  1.31222407e+00  1.98521282e+00  1.31247632e+00 
 5.19000000e+00  1.83792018e+00  1.64935973e+00  1.65005198e+00  1.54881662e+05  1.29406363e+00  2.00337314e+00  1.29432950e+00 
 5.20000000e+00  1.84189272e+00  1.64935973e+00  1.65005198e+00  1.58489319e+05  1.27599304e+00  2.02144361e+00  1.27627246e+00 
 5.21000000e+00  1.84584460e+00  1.64935973e+00  1.65005198e+00  1.62181010e+05  1.25801639e+00  2.03942015e+00  1.25830928e+00 
 5.22000000e+00  1.84977495e+00  1.64935973e+00  1.65005198e+00  1.65958691e+05  1.24013767e+00  2.05729876e+00  1.24044396e+00 
 5.23000000e+00  1.85368292e+00  1.64935973e+00  1.65005198e+00  1.69824365e+05  1.22236079e+00  2.07507552e+00  1.22268041e+00 
 5.24000000e+00  1.85756766e+00  1.64935973e+00  1.65005198e+00  1.73780083e+05  1.20468955e+00  2.09274665e+00  1.20502242e+00 
 5.25000000e+00  1.86142837e+00  1.64935973e+00  1.65005198e+00  1.77827941e+05  1.18712766e+00  2.11030842e+00  1.18747370e+00 
 5.26000000e+00  1.86526424e+00  1.64935973e+00  1.65005198e+00  1.81970086e+05  1.16967873e+00  2.12775725e+00  1.17003784e+00 
 5.27000000e+00  1.86907451e+00  1.64935973e+00  1.65005198e+00  1.86208714e+05  1.15234624e+00  2.14508963e+00  1.15271834e+00 
 5.28000000e+00  1.87285844e+00  1.64935973e+00  1.65005198e+00  1.90546072e+05  1.13513358e+00  2.16230218e+00  1.13551859e+00 
 5.29000000e+00  1.87661531e+00  1.64935973e+00  1.65005198e+00  1.94984460e+05  1.11804403e+00  2.17939162e+00  1.11844185e+00 
 5.30000000e+00  1.88034442e+00  1.64935973e+00  1.65005198e+00  1.99526231e+05  1.10108076e+00  2.19635478e+00  1.10149130e+00 
 5.31000000e+00  1.88404509e+00  1.64935973e+00  1.65005198e+00  2.04173794e+05  1.08424683e+00  2.21318861e+00  1.08466998e+00 
 5.32000000e+00  1.88771669e+00  1.64935973e+00  1.65005198e+00  2.08929613e+05  1.06754516e+00  2.22989017e+00  1.06798083e+00 
 5.33000000e+00  1.89135859e+00  1.64935973e+00  1.65005198e+00  2.13796209e+05  1.05097858e+00  2.24645663e+00  1.05142668e+00 
 5.34000000e+00  1.89497019e+00  1.64935973e+00  1.65005198e+00  2.18776162e+05  1.03454981e+00  2.26288530e+00  1.03501022e+00 
 5.35000000e+00  1.89855094e+00  1.64935973e+00  1.65005198e+00  2.23872114e+05  1.01826143e+00  2.27917358e+00  1.01873405e+00 
 5.36000000e+00  1.90210028e+00  1.64935973e+00  1.65005198e+00  2.29086765e+05  1.00211590e+00  2.29531900e+00  1.00260063e+00 
 5.37000000e+00  1.90561769e+00  1.64935973e+00  1.65005198e+00  2.34422882e+05  9.86115594e-01  2.31131921e+00  9.86612313e-01 
 5.38000000e+00  1.90910269e+00  1.64935973e+00  1.65005198e+00  2.39883292e+05  9.70262734e-01  2.32717197e+00  9.70771338e-01 
 5.39000000e+00  1.91255481e+00  1.64935973e+00  1.65005198e+00  2.45470892e+05  9.54559440e-01  2.34287516e+00  9.55079815e-01 
 5.40000000e+00  1.91597362e+00  1.64935973e+00  1.65005198e+00  2.51188643e+05  9.39007709e-01  2.35842679e+00  9.39539742e-01 
 5.41000000e+00  1.91935869e+00  1.64935973e+00  1.65005198e+00  2.57039578e+05  9.23609420e-01  2.37382498e+00  9.24152997e-01 
 5.42000000e+00  1.92270964e+00  1.64935973e+00  1.65005198e+00  2.63026799e+05  9.08366338e-01  2.38906797e+00  9.08921342e-01 
 5.43000000e+00  1.92600870e+00  1.64935973e+00  1.65005198e+00  2.69153480e+05  8.93359265e-01  2.40407495e+00  8.93925519e-01 
 5.44000000e+00  1.92930765e+00  1.64935973e+00  1.65005198e+00  2.75422870e+05  8.78352751e-01  2.41908137e+00  8.78930254e-01 
 5.45000000e+00  1.93255428e+00  1.64935973e+00  1.65005198e+00  2.81838293e+05  8.63584206e-01  2.43384982e+00  8.64172780e-01 
 5.46000000e+00  1.93576539e+00  1.64935973e+00  1.65005198e+00  2.88403150e+05  8.48977244e-01  2.44845668e+00  8.49576769e-01 
 5.47000000e+00  1.93894082e+00  1.64935973e+00  1.65005198e+00  2.95120923e+05  8.34532570e-01  2.46290127e+00  8.35142923e-01 
 5.48000000e+00  1.94208034e+00  1.64935973e+00  1.65005198e+00  3.01995172e+05  8.20251256e-01  2.47718249e+00  8.20872315e-01 
 5.49000000e+00  1.94518374e+00  1.64935973e+00  1.65005198e+00  3.09029543e+05  8.06134270e-01  2.49129939e+00  8.06765911e-01 
 5.50000000e+00  1.94825082e+00  1.64935973e+00  1.65005198e+00  3.16227766e+05  7.92182469e-01  2.50525110e+00  7.92824569e-01 
 5.51000000e+00  1.95128143e+00  1.64935973e+00  1.65005198e+00  3.23593657e+05  7.78396605e-01  2.51903687e+00  7.79049040e-01 
 5.52000000e+00  1.95427541e+00  1.64935973e+00  1.65005198e+00  3.31131121e+05  7.64777326e-01  2.53265607e+00  7.65439971e-01 
 5.53000000e+00  1.95723265e+00  1.64935973e+00  1.65005198e+00  3.38844156e+05  7.51325176e-01  2.54610813e+00  7.51997905e-01 
 5.54000000e+00  1.96015306e+00  1.64935973e+00  1.65005198e+00  3.46736850e+05  7.38040598e-01  2.55939262e+00  7.38723286e-01 
 5.55000000e+00  1.96303655e+00  1.64935973e+00  1.65005198e+00  3.54813389e+05  7.24923937e-01  2.57250920e+00  7.25616457e-01 
 5.56000000e+00  1.96588307e+00  1.64935973e+00  1.65005198e+00  3.63078055e+05  7.11975441e-01  2.58545761e+00  7.12677668e-01 
 5.57000000e+00  1.96869259e+00  1.64935973e+00  1.65005198e+00  3.71535229e+05  6.99195264e-01  2.59823771e+00  6.99907072e-01 
 5.58000000e+00  1.97146509e+00  1.64935973e+00  1.65005198e+00  3.80189396e+05  6.86583467e-01  2.61084943e+00  6.87304730e-01 
 5.59000000e+00  1.97418200e+00  1.64935973e+00  1.65005198e+00  3.89045145e+05  6.74224571e-01  2.62320824e+00  6.74955099e-01 
 5.60000000e+00  1.97689901e+00  1.64935973e+00  1.65005198e+00  3.98107171e+05  6.61865215e-01  2.63556752e+00  6.62605007e-01 
 5.61000000e+00  1.97956067e+00  1.64935973e+00  1.65005198e+00  4.07380278e+05  6.49757649e-01  2.64767501e+00  6.50506518e-01 
 5.62000000e+00  1.98218536e+00  1.64935973e+00  1.65005198e+00  4.16869383e+05  6.37818231e-01  2.65961435e+00  6.38576051e-01 
 5.63000000e+00  1.98477325e+00  1.64935973e+00  1.65005198e+00  4.26579519e+05  6.26046207e-01  2.67138630e+00  6.26812851e-01 
 5.64000000e+00  1.98732445e+00  1.64935973e+00  1.65005198e+00  4.36515832e+05  6.14441134e-01  2.68299130e+00  6.15216478e-01 
 5.65000000e+00  1.98983905e+00  1.64935973e+00  1.65005198e+00  4.46683592e+05  6.03002498e-01  2.69442986e+00  6.03786417e-01 
 5.66000000e+00  1.99231719e+00  1.64935973e+00  1.65005198e+00  4.57088190e+05  5.91729710e-01  2.70570258e+00  5.92522080e-01 
 5.67000000e+00  1.99475902e+00  1.64935973e+00  1.65005198e+00  4.67735141e+05  5.80622115e-01  2.71681010e+00  5.81422811e-01 
 5.68000000e+00  1.99716470e+00  1.64935973e+00  1.65005198e+00  4.78630092e+05  5.69678987e-01  2.72775316e+00  5.70487887e-01 
 5.69000000e+00  1.99953439e+00  1.64935973e+00  1.65005198e+00  4.89778819e+05  5.58899538e-01  2.73853254e+00  5.59716519e-01 
 5.70000000e+00  2.00186828e+00  1.64935973e+00  1.65005198e+00  5.01187234e+05  5.48282917e-01  2.74914909e+00  5.49107857e-01 
 5.71000000e+00  2.00416659e+00  1.64935973e+00  1.65005198e+00  5.12861384e+05  5.37828213e-01  2.75960373e+00  5.38660990e-01 
 5.72000000e+00  2.00642950e+00  1.64935973e+00  1.65005198e+00  5.24807460e+05  5.27534459e-01  2.76989742e+00  5.28374953e-01 
 5.73000000e+00  2.00865727e+00  1.64935973e+00  1.65005198e+00  5.37031796e+05  5.17400633e-01  2.78003118e+00  5.18248723e-01 
 5.74000000e+00  2.01085011e+00  1.64935973e+00  1.65005198e+00  5.49540874e+05  5.07425661e-01  2.79000609e+00  5.08281228e-01 
 5.75000000e+00  2.01300827e+00  1.64935973e+00  1.65005198e+00  5.62341325e+05  4.97608418e-01  2.79982327e+00  4.98471346e-01 
 5.76000000e+00  2.01513202e+00  1.64935973e+00  1.65005198e+00  5.75439937e+05  4.87947736e-01  2.80948389e+00  4.88817905e-01 
 5.77000000e+00  2.01722162e+00  1.64935973e+00  1.65005198e+00  5.88843655e+05  4.78442398e-01  2.81898917e+00  4.79319693e-01 
 5.78000000e+00  2.01927734e+00  1.64935973e+00  1.65005198e+00  6.02559586e+05  4.69091148e-01  2.82834036e+00  4.69975453e-01 
 5.79000000e+00  2.02129948e+00  1.64935973e+00  1.65005198e+00  6.16595002e+05  4.59892687e-01  2.83753876e+00  4.60783887e-01 
 5.80000000e+00  2.02328832e+00  1.64935973e+00  1.65005198e+00  6.30957344e+05  4.50845680e-01  2.84658571e+00  4.51743663e-01 
 5.81000000e+00  2.02524417e+00  1.64935973e+00  1.65005198e+00  6.45654229e+05  4.41948758e-01  2.85548257e+00  4.42853410e-01 
 5.82000000e+00  2.02716733e+00  1.64935973e+00  1.65005198e+00  6.60693448e+05  4.33200516e-01  2.86423076e+00  4.34111727e-01 
 5.83000000e+00  2.02905812e+00  1.64935973e+00  1.65005198e+00  6.76082975e+05  4.24599521e-01  2.87283170e+00  4.25517179e-01 
 5.84000000e+00  2.03090085e+00  1.64935973e+00  1.65005198e+00  6.91830971e+05  4.16217164e-01  2.88121400e+00  4.17141106e-01 
 5.85000000e+00  2.03272804e+00  1.64935973e+00  1.65005198e+00  7.07945784e+05  4.07905487e-01  2.88952563e+00  4.08835660e-01 
 5.86000000e+00  2.03452385e+00  1.64935973e+00  1.65005198e+00  7.24435960e+05  3.99736575e-01  2.89769449e+00  4.00672872e-01 
 5.87000000e+00  2.03628861e+00  1.64935973e+00  1.65005198e+00  7.41310241e+05  3.91708891e-01  2.90572212e+00  3.92651206e-01 
 5.88000000e+00  2.03802266e+00  1.64935973e+00  1.65005198e+00  7.58577575e+05  3.83820878e-01  2.91361008e+00  3.84769106e-01 
 5.89000000e+00  2.03972636e+00  1.64935973e+00  1.65005198e+00  7.76247117e+05  3.76070958e-01  2.92135995e+00  3.77024996e-01 
 5.90000000e+00  2.04140005e+00  1.64935973e+00  1.65005198e+00  7.94328235e+05  3.68457538e-01  2.92897332e+00  3.69417283e-01 
 5.91000000e+00  2.04304409e+00  1.64935973e+00  1.65005198e+00  8.12830516e+05  3.60979007e-01  2.93645181e+00  3.61944359e-01 
 5.92000000e+00  2.04465883e+00  1.64935973e+00  1.65005198e+00  8.31763771e+05  3.53633744e-01  2.94379702e+00  3.54604601e-01 
 5.93000000e+00  2.04624463e+00  1.64935973e+00  1.65005198e+00  8.51138038e+05  3.46420112e-01  2.95101061e+00  3.47396377e-01 
 5.94000000e+00  2.04780186e+00  1.64935973e+00  1.65005198e+00  8.70963590e+05  3.39336466e-01  2.95809421e+00  3.40318041e-01 
 5.95000000e+00  2.04933087e+00  1.64935973e+00  1.65005198e+00  8.91250938e+05  3.32381151e-01  2.96504948e+00  3.33367940e-01 
 5.96000000e+00  2.05083204e+00  1.64935973e+00  1.65005198e+00  9.12010839e+05  3.25552505e-01  2.97187808e+00  3.26544414e-01 
 5.97000000e+00  2.05230573e+00  1.64935973e+00  1.65005198e+00  9.33254301e+05  3.18848861e-01  2.97858168e+00  3.19845795e-01 
 5.98000000e+00  2.05375231e+00  1.64935973e+00  1.65005198e+00  9.54992586e+05  3.12268545e-01  2.98516196e+00  3.13270412e-01 
 5.99000000e+00  2.05517215e+00  1.64935973e+00  1.65005198e+00  9.77237221e+05  3.05809883e-01  2.99162058e+00  3.06816591e-01 
 6.00000000e+00  2.05656561e+00  1.64935973e+00  1.65005198e+00  1.00000000e+06  2.99471196e-01  2.99795923e+00  3.00482656e-01 
 6.01000000e+00  2.05793306e+00  1.64935973e+00  1.65005198e+00  1.02329299e+06  2.93250806e-01  3.00417958e+00  2.94266929e-01 
 6.02000000e+00  2.05928764e+00  1.64935973e+00  1.65005198e+00  1.04712855e+06  2.87089005e-01  3.01034134e+00  2.88109747e-01 
 6.03000000e+00  2.06060403e+00  1.64935973e+00  1.65005198e+00  1.07151931e+06  2.81100898e-01  3.01632941e+00  2.82126130e-01 
 6.04000000e+00  2.06189549e+00  1.64935973e+00  1.65005198e+00  1.09647820e+06  2.75226180e-01  3.02220409e+00  2.76255816e-01 
 6.05000000e+00  2.06316242e+00  1.64935973e+00  1.65005198e+00  1.12201845e+06  2.69463061e-01  3.02796717e+00  2.70497016e-01 
 6.06000000e+00  2.06440519e+00  1.64935973e+00  1.65005198e+00  1.14815362e+06  2.63809873e-01  3.03362032e+00  2.64848067e-01 
 6.07000000e+00  2.06562415e+00  1.64935973e+00  1.65005198e+00  1.17489755e+06  2.58264959e-01  3.03916520e+00  2.59307309e-01 
 6.08000000e+00  2.06681967e+00  1.64935973e+00  1.65005198e+00  1.20226443e+06  2.52826665e-01  3.04460346e+00  2.53873092e-01 
 6.09000000e+00  2.06799212e+00  1.64935973e+00  1.65005198e+00  1.23026877e+06  2.47493345e-01  3.04993675e+00  2.48543770e-01 
 6.10000000e+00  2.06914184e+00  1.64935973e+00  1.65005198e+00  1.25892541e+06  2.42263362e-01  3.05516669e+00  2.43317708e-01 
 6.11000000e+00  2.07026921e+00  1.64935973e+00  1.65005198e+00  1.28824955e+06  2.37135089e-01  3.06029493e+00  2.38193280e-01 
 6.12000000e+00  2.07137458e+00  1.64935973e+00  1.65005198e+00  1.31825674e+06  2.32106908e-01  3.06532308e+00  2.33168868e-01 
 6.13000000e+00  2.07245830e+00  1.64935973e+00  1.65005198e+00  1.34896288e+06  2.27177210e-01  3.07025275e+00  2.28242865e-01 
 6.14000000e+00  2.07352071e+00  1.64935973e+00  1.65005198e+00  1.38038426e+06  2.22344399e-01  3.07508553e+00  2.23413677e-01 
 6.15000000e+00  2.07456218e+00  1.64935973e+00  1.65005198e+00  1.41253754e+06  2.17606890e-01  3.07982301e+00  2.18679719e-01 
 6.16000000e+00  2.07558304e+00  1.64935973e+00  1.65005198e+00  1.44543977e+06  2.12963111e-01  3.08446676e+00  2.14039422e-01 
 6.17000000e+00  2.07658364e+00  1.64935973e+00  1.65005198e+00  1.47910839e+06  2.08411502e-01  3.08901834e+00  2.09491225e-01 
 6.18000000e+00  2.07756432e+00  1.64935973e+00  1.65005198e+00  1.51356125e+06  2.03950518e-01  3.09347929e+00  2.05033585e-01 
 6.19000000e+00  2.07852541e+00  1.64935973e+00  1.65005198e+00  1.54881662e+06  1.99578626e-01  3.09785116e+00  2.00664971e-01 
 6.20000000e+00  2.07946725e+00  1.64935973e+00  1.65005198e+00  1.58489319e+06  1.95294308e-01  3.10213545e+00  1.96383864e-01 
 6.21000000e+00  2.08039017e+00  1.64935973e+00  1.65005198e+00  1.62181010e+06  1.91096061e-01  3.10633367e+00  1.92188764e-01 
 6.22000000e+00  2.08129449e+00  1.64935973e+00  1.65005198e+00  1.65958691e+06  1.86982396e-01  3.11044731e+00  1.88078184e-01 
 6.23000000e+00  2.08218054e+00  1.64935973e+00  1.65005198e+00  1.69824365e+06  1.82951842e-01  3.11447784e+00  1.84050651e-01 
 6.24000000e+00  2.08304865e+00  1.64935973e+00  1.65005198e+00  1.73780083e+06  1.79002940e-01  3.11842671e+00  1.80104709e-01 
 6.25000000e+00  2.08389912e+00  1.64935973e+00  1.65005198e+00  1.77827941e+06  1.75134250e-01  3.12229538e+00  1.76238919e-01 
 6.26000000e+00  2.08473227e+00  1.64935973e+00  1.65005198e+00  1.81970086e+06  1.71344348e-01  3.12608526e+00  1.72451858e-01 
 6.27000000e+00  2.08554841e+00  1.64935973e+00  1.65005198e+00  1.86208714e+06  1.67631824e-01  3.12979776e+00  1.68742117e-01 
 6.28000000e+00  2.08633953e+00  1.64935973e+00  1.65005198e+00  1.90546072e+06  1.64033100e-01  3.13339646e+00  1.65146091e-01 
 6.29000000e+00  2.08713087e+00  1.64935973e+00  1.65005198e+00  1.94984460e+06  1.60433407e-01  3.13699613e+00  1.61549097e-01 
 6.30000000e+00  2.08789780e+00  1.64935973e+00  1.65005198e+00  1.99526231e+06  1.56944696e-01  3.14048482e+00  1.58063000e-01 
 6.31000000e+00  2.08864892e+00  1.64935973e+00  1.65005198e+00  2.04173794e+06  1.53527942e-01  3.14390155e+00  1.54648809e-01 
 6.32000000e+00  2.08938453e+00  1.64935973e+00  1.65005198e+00  2.08929613e+06  1.50181781e-01  3.14724769e+00  1.51305156e-01 
 6.33000000e+00  2.09010489e+00  1.64935973e+00  1.65005198e+00  2.13796209e+06  1.46904907e-01  3.15052454e+00  1.48030738e-01 
 6.34000000e+00  2.09081031e+00  1.64935973e+00  1.65005198e+00  2.18776162e+06  1.43696031e-01  3.15373340e+00  1.44824268e-01 
 6.35000000e+00  2.09150107e+00  1.64935973e+00  1.65005198e+00  2.23872114e+06  1.40553884e-01  3.15687553e+00  1.41684476e-01 
 6.36000000e+00  2.09217742e+00  1.64935973e+00  1.65005198e+00  2.29086765e+06  1.37477212e-01  3.15995218e+00  1.38610110e-01 
 6.37000000e+00  2.09283966e+00  1.64935973e+00  1.65005198e+00  2.34422882e+06  1.34464780e-01  3.16296459e+00  1.35599937e-01 
 6.38000000e+00  2.09348804e+00  1.64935973e+00  1.65005198e+00  2.39883292e+06  1.31515372e-01  3.16591398e+00  1.32652740e-01 
 6.39000000e+00  2.09412283e+00  1.64935973e+00  1.65005198e+00  2.45470892e+06  1.28627787e-01  3.16880155e+00  1.29767320e-01 
 6.40000000e+00  2.09474429e+00  1.64935973e+00  1.65005198e+00  2.51188643e+06  1.25800843e-01  3.17162847e+00  1.26942495e-01 
 6.41000000e+00  2.09535267e+00  1.64935973e+00  1.65005198e+00  2.57039578e+06  1.23033377e-01  3.17439592e+00  1.24177103e-01 
 6.42000000e+00  2.09594823e+00  1.64935973e+00  1.65005198e+00  2.63026799e+06  1.20324241e-01  3.17710504e+00  1.21469998e-01 
 6.43000000e+00  2.09653122e+00  1.64935973e+00  1.65005198e+00  2.69153480e+06  1.17672306e-01  3.17975696e+00  1.18820051e-01 
 6.44000000e+00  2.09710187e+00  1.64935973e+00  1.65005198e+00  2.75422870e+06  1.15076460e-01  3.18235279e+00  1.16226152e-01 
 6.45000000e+00  2.09766044e+00  1.64935973e+00  1.65005198e+00  2.81838293e+06  1.12535610e-01  3.18489362e+00  1.13687206e-01 
 6.46000000e+00  2.09820715e+00  1.64935973e+00  1.65005198e+00  2.88403150e+06  1.10048677e-01  3.18738054e+00  1.11202138e-01 
 6.47000000e+00  2.09874225e+00  1.64935973e+00  1.65005198e+00  2.95120923e+06  1.07614603e-01  3.18981459e+00  1.08769888e-01 
 6.48000000e+00  2.09926595e+00  1.64935973e+00  1.65005198e+00  3.01995172e+06  1.05232345e-01  3.19219684e+00  1.06389416e-01 
 6.49000000e+00  2.09977848e+00  1.64935973e+00  1.65005198e+00  3.09029543e+06  1.02900877e-01  3.19452829e+00  1.04059696e-01 
 6.50000000e+00  2.10028008e+00  1.64935973e+00  1.65005198e+00  3.16227766e+06  1.00619191e-01  3.19680996e+00  1.01779720e-01 
 6.51000000e+00  2.10077094e+00  1.64935973e+00  1.65005198e+00  3.23593657e+06  9.83862944e-02  3.19904284e+00  9.95484975e-02 
 6.52000000e+00  2.10125130e+00  1.64935973e+00  1.65005198e+00  3.31131121e+06  9.62012125e-02  3.20122791e+00  9.73650536e-02 
 6.53000000e+00  2.10172135e+00  1.64935973e+00  1.65005198e+00  3.38844156e+06  9.40629864e-02  3.20336613e+00  9.52284305e-02 
 6.54000000e+00  2.10218132e+00  1.64935973e+00  1.65005198e+00  3.46736850e+06  9.19706739e-02  3.20545842e+00  9.31376865e-02 
 6.55000000e+00  2.10263139e+00  1.64935973e+00  1.65005198e+00  3.54813389e+06  8.99233488e-02  3.20750574e+00  9.10918961e-02 
 6.56000000e+00  2.10307177e+00  1.64935973e+00  1.65005198e+00  3.63078055e+06  8.79201010e-02  3.20950897e+00  8.90901500e-02 
 6.57000000e+00  2.10350266e+00  1.64935973e+00  1.65005198e+00  3.71535229e+06  8.59600363e-02  3.21146902e+00  8.71315547e-02 
 6.58000000e+00  2.10392425e+00  1.64935973e+00  1.65005198e+00  3.80189396e+06  8.40422764e-02  3.21338677e+00  8.52152324e-02 
 6.59000000e+00  2.10433673e+00  1.64935973e+00  1.65005198e+00  3.89045145e+06  8.21659583e-02  3.21526308e+00  8.33403209e-02 
 6.60000000e+00  2.10474028e+00  1.64935973e+00  1.65005198e+00  3.98107171e+06  8.03302345e-02  3.21709879e+00  8.15059733e-02 
 6.61000000e+00  2.10513510e+00  1.64935973e+00  1.65005198e+00  4.07380278e+06  7.85342729e-02  3.21889474e+00  7.97113580e-02 
 6.62000000e+00  2.10552135e+00  1.64935973e+00  1.65005198e+00  4.16869383e+06  7.67772560e-02  3.22065175e+00  7.79556583e-02 
 6.63000000e+00  2.10589922e+00  1.64935973e+00  1.65005198e+00  4.26579519e+06  7.50583817e-02  3.22237061e+00  7.62380725e-02 
 6.64000000e+00  2.10626887e+00  1.64935973e+00  1.65005198e+00  4.36515832e+06  7.33768621e-02  3.22405212e+00  7.45578135e-02 
 6.65000000e+00  2.10663049e+00  1.64935973e+00  1.65005198e+00  4.46683592e+06  7.17319241e-02  3.22569704e+00  7.29141086e-02 
 6.66000000e+00  2.10698422e+00  1.64935973e+00  1.65005198e+00  4.57088190e+06  7.01228088e-02  3.22730615e+00  7.13061996e-02 
 6.67000000e+00  2.10733025e+00  1.64935973e+00  1.65005198e+00  4.67735141e+06  6.85487714e-02  3.22888018e+00  6.97333421e-02 
 6.68000000e+00  2.10766873e+00  1.64935973e+00  1.65005198e+00  4.78630092e+06  6.70090809e-02  3.23041986e+00  6.81948058e-02 
 6.69000000e+00  2.10799981e+00  1.64935973e+00  1.65005198e+00  4.89778819e+06  6.55030203e-02  3.23192591e+00  6.66898742e-02 
 6.70000000e+00  2.10832366e+00  1.64935973e+00  1.65005198e+00  5.01187234e+06  6.40298859e-02  3.23339903e+00  6.52178442e-02 
 6.71000000e+00  2.10864042e+00  1.64935973e+00  1.65005198e+00  5.12861384e+06  6.25889877e-02  3.23483992e+00  6.37780261e-02 
 6.72000000e+00  2.10895024e+00  1.64935973e+00  1.65005198e+00  5.24807460e+06  6.11796483e-02  3.23624925e+00  6.23697433e-02 
 6.73000000e+00  2.10925327e+00  1.64935973e+00  1.65005198e+00  5.37031796e+06  5.98012038e-02  3.23762769e+00  6.09923321e-02 
 6.74000000e+00  2.10954965e+00  1.64935973e+00  1.65005198e+00  5.49540874e+06  5.84530028e-02  3.23897588e+00  5.96451418e-02 
 6.75000000e+00  2.10983629e+00  1.64935973e+00  1.65005198e+00  5.62341325e+06  5.71491128e-02  3.24027976e+00  5.83422293e-02 
 6.76000000e+00  2.11011986e+00  1.64935973e+00  1.65005198e+00  5.75439937e+06  5.58591836e-02  3.24156968e+00  5.70532670e-02 
 6.77000000e+00  2.11039719e+00  1.64935973e+00  1.65005198e+00  5.88843655e+06  5.45976246e-02  3.24283123e+00  5.57926537e-02 
 6.78000000e+00  2.11066842e+00  1.64935973e+00  1.65005198e+00  6.02559586e+06  5.33638337e-02  3.24406502e+00  5.45597878e-02 
 6.79000000e+00  2.11093367e+00  1.64935973e+00  1.65005198e+00  6.16595002e+06  5.21572205e-02  3.24527162e+00  5.33540791e-02 
 6.80000000e+00  2.11119308e+00  1.64935973e+00  1.65005198e+00  6.30957344e+06  5.09772061e-02  3.24645163e+00  5.21749493e-02 
 6.81000000e+00  2.11144677e+00  1.64935973e+00  1.65005198e+00  6.45654229e+06  4.98232232e-02  3.24760561e+00  5.10218315e-02 
 6.82000000e+00  2.11169485e+00  1.64935973e+00  1.65005198e+00  6.60693448e+06  4.86947158e-02  3.24873411e+00  4.98941701e-02 
 6.83000000e+00  2.11193746e+00  1.64935973e+00  1.65005198e+00  6.76082975e+06  4.75911388e-02  3.24983768e+00  4.87914203e-02 
 6.84000000e+00  2.11217470e+00  1.64935973e+00  1.65005198e+00  6.91830971e+06  4.65119581e-02  3.25091685e+00  4.77130486e-02 
 6.85000000e+00  2.11240669e+00  1.64935973e+00  1.65005198e+00  7.07945784e+06  4.54566502e-02  3.25197215e+00  4.66585319e-02 
 6.86000000e+00  2.11263355e+00  1.64935973e+00  1.65005198e+00  7.24435960e+06  4.44247023e-02  3.25300409e+00  4.56273576e-02 
 6.87000000e+00  2.11285538e+00  1.64935973e+00  1.65005198e+00  7.41310241e+06  4.34156118e-02  3.25401224e+00  4.46190236e-02 
 6.88000000e+00  2.11307230e+00  1.64935973e+00  1.65005198e+00  7.58577575e+06  4.24288862e-02  3.25468969e+00  4.36330376e-02 
 6.89000000e+00  2.11328440e+00  1.64935973e+00  1.65005198e+00  7.76247117e+06  4.14640428e-02  3.25467618e+00  4.26689174e-02 
 6.90000000e+00  2.11349180e+00  1.64935973e+00  1.65005198e+00  7.94328235e+06  4.05206095e-02  3.25466298e+00  4.17261912e-02 
 6.91000000e+00  2.11369459e+00  1.64935973e+00  1.65005198e+00  8.12830516e+06  3.95981233e-02  3.25465006e+00  4.08043965e-02 
 6.92000000e+00  2.11389288e+00  1.64935973e+00  1.65005198e+00  8.31763771e+06  3.86961307e-02  3.25463744e+00  3.99030799e-02 
 6.93000000e+00  2.11408676e+00  1.64935973e+00  1.65005198e+00  8.51138038e+06  3.78141875e-02  3.25462509e+00  3.90217978e-02 
 6.94000000e+00  2.11427633e+00  1.64935973e+00  1.65005198e+00  8.70963590e+06  3.69518588e-02  3.25461302e+00  3.81601155e-02 
 6.95000000e+00  2.11446168e+00  1.64935973e+00  1.65005198e+00  8.91250938e+06  3.61087184e-02  3.25460121e+00  3.73176070e-02 
 6.96000000e+00  2.11464291e+00  1.64935973e+00  1.65005198e+00  9.12010839e+06  3.52843490e-02  3.25458967e+00  3.64938556e-02 
 6.97000000e+00  2.11482010e+00  1.64935973e+00  1.65005198e+00  9.33254301e+06  3.44783421e-02  3.25457839e+00  3.56884528e-02 
 6.98000000e+00  2.11499530e+00  1.64935973e+00  1.65005198e+00  9.54992586e+06  3.36813823e-02  3.25456723e+00  3.48920904e-02 
 6.99000000e+00  2.11516463e+00  1.64935973e+00  1.65005198e+00  9.77237221e+06  3.29111005e-02  3.25455645e+00  3.41223859e-02 
 7.00000000e+00  2.11533019e+00  1.64935973e+00  1.65005198e+00  1.00000000e+07  3.21580037e-02  3.25454590e+00  3.33698536e-02 
