 3.00000000e+00  1.29560491e+00  5.68095606e-02  1.00000000e+03  3.25406145e+00  4.33878235e-02  3.25285801e+00 
 3.01000000e+00  1.29560491e+00  5.68095606e-02  1.02329299e+03  3.25406145e+00  4.33878238e-02  3.25285801e+00 
 3.02000000e+00  1.29560491e+00  5.68095606e-02  1.04712855e+03  3.25406145e+00  4.33878242e-02  3.25285801e+00 
 3.03000000e+00  1.29560491e+00  5.68095606e-02  1.07151931e+03  3.25406145e+00  4.33878254e-02  3.25285801e+00 
 3.04000000e+00  1.29560491e+00  5.68095606e-02  1.09647820e+03  3.25406145e+00  4.33878266e-02  3.25285801e+00 
 3.05000000e+00  1.29560491e+00  5.68095606e-02  1.12201845e+03  3.25406145e+00  4.33878273e-02  3.25285801e+00 
 3.06000000e+00  1.29560491e+00  5.68095606e-02  1.14815362e+03  3.25406145e+00  4.33878282e-02  3.25285801e+00 
 3.07000000e+00  1.29560491e+00  5.68095606e-02  1.17489755e+03  3.25406145e+00  4.33878289e-02  3.25285801e+00 
 3.08000000e+00  1.29560491e+00  5.68095606e-02  1.20226443e+03  3.25406145e+00  4.33878300e-02  3.25285801e+00 
 3.09000000e+00  1.29560491e+00  5.68095606e-02  1.23026877e+03  3.25406145e+00  4.33878310e-02  3.25285801e+00 
 3.10000000e+00  1.29560491e+00  5.68095606e-02  1.25892541e+03  3.25406145e+00  4.33878321e-02  3.25285801e+00 
 3.11000000e+00  1.29560491e+00  5.68095606e-02  1.28824955e+03  3.25406144e+00  4.33878338e-02  3.25285800e+00 
 3.12000000e+00  1.29560491e+00  5.68095606e-02  1.31825674e+03  3.25406144e+00  4.33878352e-02  3.25285800e+00 
 3.13000000e+00  1.29560491e+00  5.68095606e-02  1.34896288e+03  3.25406144e+00  4.33878375e-02  3.25285800e+00 
 3.14000000e+00  1.29560491e+00  5.68095606e-02  1.38038426e+03  3.25406144e+00  4.33878417e-02  3.25285800e+00 
 3.15000000e+00  1.29578055e+00  5.68095606e-02  1.41253754e+03  3.25326248e+00  4.41867912e-02  3.25205964e+00 
 3.16000000e+00  1.29601248e+00  5.68095606e-02  1.44543977e+03  3.25220745e+00  4.52418141e-02  3.25100540e+00 
 3.17000000e+00  1.29624972e+00  5.68095606e-02  1.47910839e+03  3.25112827e+00  4.63209884e-02  3.24992703e+00 
 3.18000000e+00  1.29649232e+00  5.68095606e-02  1.51356125e+03  3.25002469e+00  4.74245579e-02  3.24882428e+00 
 3.19000000e+00  1.29674041e+00  5.68095606e-02  1.54881662e+03  3.24889619e+00  4.85530582e-02  3.24769662e+00 
 3.20000000e+00  1.29699409e+00  5.68095606e-02  1.58489319e+03  3.24774220e+00  4.97070342e-02  3.24654350e+00 
 3.21000000e+00  1.29725350e+00  5.68095606e-02  1.62181010e+03  3.24656219e+00  5.08870403e-02  3.24536437e+00 
 3.22000000e+00  1.29751876e+00  5.68095606e-02  1.65958691e+03  3.24535558e+00  5.20936460e-02  3.24415866e+00 
 3.23000000e+00  1.29778999e+00  5.68095606e-02  1.69824365e+03  3.24412179e+00  5.33274289e-02  3.24292580e+00 
 3.24000000e+00  1.29806732e+00  5.68095606e-02  1.73780083e+03  3.24286023e+00  5.45889796e-02  3.24166518e+00 
 3.25000000e+00  1.29835089e+00  5.68095606e-02  1.77827941e+03  3.24157030e+00  5.58789012e-02  3.24037622e+00 
 3.26000000e+00  1.29864083e+00  5.68095606e-02  1.81970086e+03  3.24025138e+00  5.71978067e-02  3.23905830e+00 
 3.27000000e+00  1.29893401e+00  5.68095606e-02  1.86208714e+03  3.23891777e+00  5.85314124e-02  3.23772568e+00 
 3.28000000e+00  1.29923696e+00  5.68095606e-02  1.90546072e+03  3.23753965e+00  5.99095195e-02  3.23634860e+00 
 3.29000000e+00  1.29954678e+00  5.68095606e-02  1.94984460e+03  3.23613032e+00  6.13188448e-02  3.23494032e+00 
 3.30000000e+00  1.29986354e+00  5.68095606e-02  1.99526231e+03  3.23468942e+00  6.27597347e-02  3.23350050e+00 
 3.31000000e+00  1.30018739e+00  5.68095606e-02  2.04173794e+03  3.23321628e+00  6.42328609e-02  3.23202847e+00 
 3.32000000e+00  1.30051847e+00  5.68095606e-02  2.08929613e+03  3.23171022e+00  6.57389143e-02  3.23052354e+00 
 3.33000000e+00  1.30085695e+00  5.68095606e-02  2.13796209e+03  3.23017053e+00  6.72785964e-02  3.22898500e+00 
 3.34000000e+00  1.30120298e+00  5.68095606e-02  2.18776162e+03  3.22859649e+00  6.88526251e-02  3.22741214e+00 
 3.35000000e+00  1.30155672e+00  5.68095606e-02  2.23872114e+03  3.22698737e+00  7.04617319e-02  3.22580423e+00 
 3.36000000e+00  1.30191833e+00  5.68095606e-02  2.29086765e+03  3.22534243e+00  7.21066611e-02  3.22416052e+00 
 3.37000000e+00  1.30228799e+00  5.68095606e-02  2.34422882e+03  3.22366091e+00  7.37881717e-02  3.22248026e+00 
 3.38000000e+00  1.30266585e+00  5.68095606e-02  2.39883292e+03  3.22194204e+00  7.55070367e-02  3.22076267e+00 
 3.39000000e+00  1.30305211e+00  5.68095606e-02  2.45470892e+03  3.22018502e+00  7.72640438e-02  3.21900697e+00 
 3.40000000e+00  1.30344692e+00  5.68095606e-02  2.51188643e+03  3.21838906e+00  7.90599960e-02  3.21721236e+00 
 3.41000000e+00  1.30385047e+00  5.68095606e-02  2.57039578e+03  3.21655333e+00  8.08957094e-02  3.21537801e+00 
 3.42000000e+00  1.30426295e+00  5.68095606e-02  2.63026799e+03  3.21467701e+00  8.27720170e-02  3.21350309e+00 
 3.43000000e+00  1.30468454e+00  5.68095606e-02  2.69153480e+03  3.21275925e+00  8.46897667e-02  3.21158677e+00 
 3.44000000e+00  1.30511543e+00  5.68095606e-02  2.75422870e+03  3.21079918e+00  8.66498207e-02  3.20962817e+00 
 3.45000000e+00  1.30555582e+00  5.68095606e-02  2.81838293e+03  3.20879593e+00  8.86530569e-02  3.20762643e+00 
 3.46000000e+00  1.30600589e+00  5.68095606e-02  2.88403150e+03  3.20674861e+00  9.07003712e-02  3.20558063e+00 
 3.47000000e+00  1.30646585e+00  5.68095606e-02  2.95120923e+03  3.20465629e+00  9.27926712e-02  3.20348989e+00 
 3.48000000e+00  1.30693591e+00  5.68095606e-02  3.01995172e+03  3.20251806e+00  9.49308844e-02  3.20135326e+00 
 3.49000000e+00  1.30741626e+00  5.68095606e-02  3.09029543e+03  3.20033298e+00  9.71159546e-02  3.19916982e+00 
 3.50000000e+00  1.30790713e+00  5.68095606e-02  3.16227766e+03  3.19810008e+00  9.93488378e-02  3.19693859e+00 
 3.51000000e+00  1.30840872e+00  5.68095606e-02  3.23593657e+03  3.19581840e+00  1.01630511e-01  3.19465862e+00 
 3.52000000e+00  1.30892126e+00  5.68095606e-02  3.31131121e+03  3.19348693e+00  1.03961966e-01  3.19232890e+00 
 3.53000000e+00  1.30944496e+00  5.68095606e-02  3.38844156e+03  3.19110467e+00  1.06344209e-01  3.18994842e+00 
 3.54000000e+00  1.30998005e+00  5.68095606e-02  3.46736850e+03  3.18867059e+00  1.08778269e-01  3.18751617e+00 
 3.55000000e+00  1.31052677e+00  5.68095606e-02  3.54813389e+03  3.18618366e+00  1.11265187e-01  3.18503110e+00 
 3.56000000e+00  1.31108533e+00  5.68095606e-02  3.63078055e+03  3.18364281e+00  1.13806022e-01  3.18249216e+00 
 3.57000000e+00  1.31165599e+00  5.68095606e-02  3.71535229e+03  3.18104696e+00  1.16401852e-01  3.17989825e+00 
 3.58000000e+00  1.31223898e+00  5.68095606e-02  3.80189396e+03  3.17839502e+00  1.19053772e-01  3.17724831e+00 
 3.59000000e+00  1.31283454e+00  5.68095606e-02  3.89045145e+03  3.17568589e+00  1.21762891e-01  3.17454120e+00 
 3.60000000e+00  1.31344292e+00  5.68095606e-02  3.98107171e+03  3.17291842e+00  1.24530341e-01  3.17177581e+00 
 3.61000000e+00  1.31406438e+00  5.68095606e-02  4.07380278e+03  3.17009148e+00  1.27357267e-01  3.16895098e+00 
 3.62000000e+00  1.31469917e+00  5.68095606e-02  4.16869383e+03  3.16720389e+00  1.30244834e-01  3.16606556e+00 
 3.63000000e+00  1.31534755e+00  5.68095606e-02  4.26579519e+03  3.16425448e+00  1.33194224e-01  3.16311836e+00 
 3.64000000e+00  1.31600979e+00  5.68095606e-02  4.36515832e+03  3.16124205e+00  1.36206637e-01  3.16010819e+00 
 3.65000000e+00  1.31668614e+00  5.68095606e-02  4.46683592e+03  3.15816538e+00  1.39283289e-01  3.15703383e+00 
 3.66000000e+00  1.31737689e+00  5.68095606e-02  4.57088190e+03  3.15502323e+00  1.42425418e-01  3.15389403e+00 
 3.67000000e+00  1.31808232e+00  5.68095606e-02  4.67735141e+03  3.15181435e+00  1.45634272e-01  3.15068756e+00 
 3.68000000e+00  1.31880268e+00  5.68095606e-02  4.78630092e+03  3.14853748e+00  1.48911126e-01  3.14741314e+00 
 3.69000000e+00  1.31953828e+00  5.68095606e-02  4.89778819e+03  3.14519132e+00  1.52257265e-01  3.14406949e+00 
 3.70000000e+00  1.32028940e+00  5.68095606e-02  5.01187234e+03  3.14177457e+00  1.55673997e-01  3.14065530e+00 
 3.71000000e+00  1.32105633e+00  5.68095606e-02  5.12861384e+03  3.13828590e+00  1.59162642e-01  3.13716925e+00 
 3.72000000e+00  1.32183936e+00  5.68095606e-02  5.24807460e+03  3.13472397e+00  1.62724542e-01  3.13361000e+00 
 3.73000000e+00  1.32263880e+00  5.68095606e-02  5.37031796e+03  3.13108744e+00  1.66361054e-01  3.12997619e+00 
 3.74000000e+00  1.32345494e+00  5.68095606e-02  5.49540874e+03  3.12737492e+00  1.70073554e-01  3.12626645e+00 
 3.75000000e+00  1.32428809e+00  5.68095606e-02  5.62341325e+03  3.12358502e+00  1.73863431e-01  3.12247939e+00 
 3.76000000e+00  1.32514746e+00  5.68095606e-02  5.75439937e+03  3.11967583e+00  1.77772595e-01  3.11857313e+00 
 3.77000000e+00  1.32600686e+00  5.68095606e-02  5.88843655e+03  3.11576654e+00  1.81681850e-01  3.11466678e+00 
 3.78000000e+00  1.32689272e+00  5.68095606e-02  6.02559586e+03  3.11173685e+00  1.85711516e-01  3.11064011e+00 
 3.79000000e+00  1.32779704e+00  5.68095606e-02  6.16595002e+03  3.10762321e+00  1.89825133e-01  3.10652955e+00 
 3.80000000e+00  1.32871996e+00  5.68095606e-02  6.30957344e+03  3.10342497e+00  1.94023351e-01  3.10233445e+00 
 3.81000000e+00  1.32966180e+00  5.68095606e-02  6.45654229e+03  3.09914065e+00  1.98307638e-01  3.09805335e+00 
 3.82000000e+00  1.33062289e+00  5.68095606e-02  6.60693448e+03  3.09476876e+00  2.02679500e-01  3.09368474e+00 
 3.83000000e+00  1.33160356e+00  5.68095606e-02  6.76082975e+03  3.09030778e+00  2.07140452e-01  3.08922710e+00 
 3.84000000e+00  1.33260416e+00  5.68095606e-02  6.91830971e+03  3.08575618e+00  2.11692028e-01  3.08467891e+00 
 3.85000000e+00  1.33362502e+00  5.68095606e-02  7.07945784e+03  3.08111240e+00  2.16335773e-01  3.08003861e+00 
 3.86000000e+00  1.33466649e+00  5.68095606e-02  7.24435960e+03  3.07637490e+00  2.21073248e-01  3.07530466e+00 
 3.87000000e+00  1.33572890e+00  5.68095606e-02  7.41310241e+03  3.07154209e+00  2.25906024e-01  3.07047547e+00 
 3.88000000e+00  1.33681262e+00  5.68095606e-02  7.58577575e+03  3.06661240e+00  2.30835686e-01  3.06554948e+00 
 3.89000000e+00  1.33791798e+00  5.68095606e-02  7.76247117e+03  3.06158422e+00  2.35863830e-01  3.06052507e+00 
 3.90000000e+00  1.33904535e+00  5.68095606e-02  7.94328235e+03  3.05645595e+00  2.40992064e-01  3.05540065e+00 
 3.91000000e+00  1.34019508e+00  5.68095606e-02  8.12830516e+03  3.05122598e+00  2.46222009e-01  3.05017459e+00 
 3.92000000e+00  1.34136752e+00  5.68095606e-02  8.31763771e+03  3.04589266e+00  2.51555288e-01  3.04484528e+00 
 3.93000000e+00  1.34256305e+00  5.68095606e-02  8.51138038e+03  3.04045437e+00  2.56993540e-01  3.03941106e+00 
 3.94000000e+00  1.34378201e+00  5.68095606e-02  8.70963590e+03  3.03490947e+00  2.62538412e-01  3.03387031e+00 
 3.95000000e+00  1.34502477e+00  5.68095606e-02  8.91250938e+03  3.02925629e+00  2.68191556e-01  3.02822137e+00 
 3.96000000e+00  1.34629170e+00  5.68095606e-02  9.12010839e+03  3.02349318e+00  2.73954631e-01  3.02246258e+00 
 3.97000000e+00  1.34758316e+00  5.68095606e-02  9.33254301e+03  3.01761847e+00  2.79829301e-01  3.01659228e+00 
 3.98000000e+00  1.34889952e+00  5.68095606e-02  9.54992586e+03  3.01163049e+00  2.85817241e-01  3.01060879e+00 
 3.99000000e+00  1.35024115e+00  5.68095606e-02  9.77237221e+03  3.00552757e+00  2.91920120e-01  3.00451045e+00 
 4.00000000e+00  1.35160842e+00  5.68095606e-02  1.00000000e+04  2.99930804e+00  2.98139617e-01  2.99829557e+00 
 4.01000000e+00  1.35300169e+00  5.68095606e-02  1.02329299e+04  2.99297020e+00  3.04477409e-01  2.99196249e+00 
 4.02000000e+00  1.35442134e+00  5.68095606e-02  1.04712855e+04  2.98651240e+00  3.10935176e-01  2.98550952e+00 
 4.03000000e+00  1.35586773e+00  5.68095606e-02  1.07151931e+04  2.97993293e+00  3.17514596e-01  2.97893499e+00 
 4.04000000e+00  1.35734123e+00  5.68095606e-02  1.09647820e+04  2.97323014e+00  3.24217345e-01  2.97223723e+00 
 4.05000000e+00  1.35884221e+00  5.68095606e-02  1.12201845e+04  2.96640235e+00  3.31045097e-01  2.96541455e+00 
 4.06000000e+00  1.36037104e+00  5.68095606e-02  1.14815362e+04  2.95944788e+00  3.37999521e-01  2.95846529e+00 
 4.07000000e+00  1.36192809e+00  5.68095606e-02  1.17489755e+04  2.95236508e+00  3.45082277e-01  2.95138780e+00 
 4.08000000e+00  1.36351370e+00  5.68095606e-02  1.20226443e+04  2.94515228e+00  3.52295023e-01  2.94418042e+00 
 4.09000000e+00  1.36512826e+00  5.68095606e-02  1.23026877e+04  2.93780786e+00  3.59639405e-01  2.93684149e+00 
 4.10000000e+00  1.36677211e+00  5.68095606e-02  1.25892541e+04  2.93033015e+00  3.67117058e-01  2.92936940e+00 
 4.11000000e+00  1.36844562e+00  5.68095606e-02  1.28824955e+04  2.92271756e+00  3.74729607e-01  2.92176251e+00 
 4.12000000e+00  1.37014914e+00  5.68095606e-02  1.31825674e+04  2.91496845e+00  3.82478662e-01  2.91401921e+00 
 4.13000000e+00  1.37188302e+00  5.68095606e-02  1.34896288e+04  2.90708125e+00  3.90365818e-01  2.90613792e+00 
 4.14000000e+00  1.37364760e+00  5.68095606e-02  1.38038426e+04  2.89905436e+00  3.98392653e-01  2.89811705e+00 
 4.15000000e+00  1.37544324e+00  5.68095606e-02  1.41253754e+04  2.89088624e+00  4.06560724e-01  2.88995505e+00 
 4.16000000e+00  1.37727026e+00  5.68095606e-02  1.44543977e+04  2.88257534e+00  4.14871572e-01  2.88165038e+00 
 4.17000000e+00  1.37912900e+00  5.68095606e-02  1.47910839e+04  2.87412014e+00  4.23326709e-01  2.87320153e+00 
 4.18000000e+00  1.38101979e+00  5.68095606e-02  1.51356125e+04  2.86551917e+00  4.31927628e-01  2.86460700e+00 
 4.19000000e+00  1.38294294e+00  5.68095606e-02  1.54881662e+04  2.85677095e+00  4.40675790e-01  2.85586534e+00 
 4.20000000e+00  1.38489879e+00  5.68095606e-02  1.58489319e+04  2.84787406e+00  4.49572632e-01  2.84697511e+00 
 4.21000000e+00  1.38688762e+00  5.68095606e-02  1.62181010e+04  2.83882707e+00  4.58619554e-01  2.83793491e+00 
 4.22000000e+00  1.38890975e+00  5.68095606e-02  1.65958691e+04  2.82962864e+00  4.67817931e-01  2.82874337e+00 
 4.23000000e+00  1.39096547e+00  5.68095606e-02  1.69824365e+04  2.82027742e+00  4.77169094e-01  2.81939916e+00 
 4.24000000e+00  1.39305506e+00  5.68095606e-02  1.73780083e+04  2.81077211e+00  4.86674344e-01  2.80990098e+00 
 4.25000000e+00  1.39517880e+00  5.68095606e-02  1.77827941e+04  2.80111145e+00  4.96334936e-01  2.80024757e+00 
 4.26000000e+00  1.39733696e+00  5.68095606e-02  1.81970086e+04  2.79129424e+00  5.06152086e-01  2.79043771e+00 
 4.27000000e+00  1.39952980e+00  5.68095606e-02  1.86208714e+04  2.78131930e+00  5.16126963e-01  2.78047025e+00 
 4.28000000e+00  1.40175755e+00  5.68095606e-02  1.90546072e+04  2.77118550e+00  5.26260693e-01  2.77034405e+00 
 4.29000000e+00  1.40402046e+00  5.68095606e-02  1.94984460e+04  2.76089178e+00  5.36554348e-01  2.76005805e+00 
 4.30000000e+00  1.40631876e+00  5.68095606e-02  1.99526231e+04  2.75043711e+00  5.47008952e-01  2.74961121e+00 
 4.31000000e+00  1.40865265e+00  5.68095606e-02  2.04173794e+04  2.73982053e+00  5.57625471e-01  2.73900259e+00 
 4.32000000e+00  1.41102233e+00  5.68095606e-02  2.08929613e+04  2.72904111e+00  5.68404815e-01  2.72823125e+00 
 4.33000000e+00  1.41342799e+00  5.68095606e-02  2.13796209e+04  2.71809802e+00  5.79347837e-01  2.71729637e+00 
 4.34000000e+00  1.41586982e+00  5.68095606e-02  2.18776162e+04  2.70699046e+00  5.90455323e-01  2.70619713e+00 
 4.35000000e+00  1.41834795e+00  5.68095606e-02  2.23872114e+04  2.69571772e+00  6.01728000e-01  2.69493284e+00 
 4.36000000e+00  1.42086255e+00  5.68095606e-02  2.29086765e+04  2.68427912e+00  6.13166525e-01  2.68350281e+00 
 4.37000000e+00  1.42341373e+00  5.68095606e-02  2.34422882e+04  2.67267409e+00  6.24771483e-01  2.67190648e+00 
 4.38000000e+00  1.42600161e+00  5.68095606e-02  2.39883292e+04  2.66090210e+00  6.36543391e-01  2.66014332e+00 
 4.39000000e+00  1.42862630e+00  5.68095606e-02  2.45470892e+04  2.64896273e+00  6.48482688e-01  2.64821290e+00 
 4.40000000e+00  1.43128786e+00  5.68095606e-02  2.51188643e+04  2.63685560e+00  6.60589737e-01  2.63611485e+00 
 4.41000000e+00  1.43398636e+00  5.68095606e-02  2.57039578e+04  2.62458044e+00  6.72864823e-01  2.62384889e+00 
 4.42000000e+00  1.43672184e+00  5.68095606e-02  2.63026799e+04  2.61213704e+00  6.85308141e-01  2.61141482e+00 
 4.43000000e+00  1.43951318e+00  5.68095606e-02  2.69153480e+04  2.59943956e+00  6.98005539e-01  2.59872686e+00 
 4.44000000e+00  1.44230419e+00  5.68095606e-02  2.75422870e+04  2.58674360e+00  7.10701417e-01  2.58604042e+00 
 4.45000000e+00  1.44515036e+00  5.68095606e-02  2.81838293e+04  2.57379668e+00  7.23648255e-01  2.57310320e+00 
 4.46000000e+00  1.44803384e+00  5.68095606e-02  2.88403150e+04  2.56068010e+00  7.36764757e-01  2.55999645e+00 
 4.47000000e+00  1.45095423e+00  5.68095606e-02  2.95120923e+04  2.54739557e+00  7.50049201e-01  2.54672188e+00 
 4.48000000e+00  1.45391146e+00  5.68095606e-02  3.01995172e+04  2.53394347e+00  7.63501216e-01  2.53327986e+00 
 4.49000000e+00  1.45690543e+00  5.68095606e-02  3.09029543e+04  2.52032424e+00  7.77120359e-01  2.51967084e+00 
 4.50000000e+00  1.45993603e+00  5.68095606e-02  3.16227766e+04  2.50653843e+00  7.90906083e-01  2.50589536e+00 
 4.51000000e+00  1.46300310e+00  5.68095606e-02  3.23593657e+04  2.49258668e+00  8.04857744e-01  2.49195407e+00 
 4.52000000e+00  1.46610648e+00  5.68095606e-02  3.31131121e+04  2.47846974e+00  8.18974589e-01  2.47784772e+00 
 4.53000000e+00  1.46924599e+00  5.68095606e-02  3.38844156e+04  2.46418848e+00  8.33255759e-01  2.46357717e+00 
 4.54000000e+00  1.47242141e+00  5.68095606e-02  3.46736850e+04  2.44974386e+00  8.47700288e-01  2.44914337e+00 
 4.55000000e+00  1.47563251e+00  5.68095606e-02  3.54813389e+04  2.43513695e+00  8.62307101e-01  2.43454742e+00 
 4.56000000e+00  1.47887902e+00  5.68095606e-02  3.63078055e+04  2.42036895e+00  8.77075006e-01  2.41979049e+00 
 4.57000000e+00  1.48216066e+00  5.68095606e-02  3.71535229e+04  2.40544116e+00  8.92002708e-01  2.40487388e+00 
 4.58000000e+00  1.48547712e+00  5.68095606e-02  3.80189396e+04  2.39035498e+00  9.07088789e-01  2.38979901e+00 
 4.59000000e+00  1.48884553e+00  5.68095606e-02  3.89045145e+04  2.37503248e+00  9.22411190e-01  2.37448800e+00 
 4.60000000e+00  1.49221341e+00  5.68095606e-02  3.98107171e+04  2.35971240e+00  9.37731173e-01  2.35917940e+00 
 4.61000000e+00  1.49563191e+00  5.68095606e-02  4.07380278e+04  2.34416202e+00  9.53281455e-01  2.34364068e+00 
 4.62000000e+00  1.49908402e+00  5.68095606e-02  4.16869383e+04  2.32845880e+00  9.68984574e-01  2.32794923e+00 
 4.63000000e+00  1.50256901e+00  5.68095606e-02  4.26579519e+04  2.31260599e+00  9.84837278e-01  2.31210831e+00 
 4.64000000e+00  1.50608641e+00  5.68095606e-02  4.36515832e+04  2.29660574e+00  1.00083743e+00  2.29612005e+00 
 4.65000000e+00  1.50963574e+00  5.68095606e-02  4.46683592e+04  2.28046027e+00  1.01698280e+00  2.27998669e+00 
 4.66000000e+00  1.51321647e+00  5.68095606e-02  4.57088190e+04  2.26417194e+00  1.03327102e+00  2.26371057e+00 
 4.67000000e+00  1.51682806e+00  5.68095606e-02  4.67735141e+04  2.24774322e+00  1.04969964e+00  2.24729416e+00 
 4.68000000e+00  1.52046995e+00  5.68095606e-02  4.78630092e+04  2.23117670e+00  1.06626606e+00  2.23074006e+00 
 4.69000000e+00  1.52414154e+00  5.68095606e-02  4.89778819e+04  2.21447508e+00  1.08296756e+00  2.21405096e+00 
 4.70000000e+00  1.52784220e+00  5.68095606e-02  5.01187234e+04  2.19764120e+00  1.09980134e+00  2.19722970e+00 
 4.71000000e+00  1.53157129e+00  5.68095606e-02  5.12861384e+04  2.18067798e+00  1.11676445e+00  2.18027920e+00 
 4.72000000e+00  1.53532815e+00  5.68095606e-02  5.24807460e+04  2.16358848e+00  1.13385384e+00  2.16320251e+00 
 4.73000000e+00  1.53911207e+00  5.68095606e-02  5.37031796e+04  2.14637587e+00  1.15106634e+00  2.14600280e+00 
 4.74000000e+00  1.54292233e+00  5.68095606e-02  5.49540874e+04  2.12904343e+00  1.16839867e+00  2.12868335e+00 
 4.75000000e+00  1.54675820e+00  5.68095606e-02  5.62341325e+04  2.11159454e+00  1.18584745e+00  2.11124755e+00 
 4.76000000e+00  1.55061889e+00  5.68095606e-02  5.75439937e+04  2.09403270e+00  1.20340918e+00  2.09369887e+00 
 4.77000000e+00  1.55450362e+00  5.68095606e-02  5.88843655e+04  2.07636151e+00  1.22108026e+00  2.07604092e+00 
 4.78000000e+00  1.55841158e+00  5.68095606e-02  6.02559586e+04  2.05858467e+00  1.23885698e+00  2.05827741e+00 
 4.79000000e+00  1.56234192e+00  5.68095606e-02  6.16595002e+04  2.04070599e+00  1.25673554e+00  2.04041214e+00 
 4.80000000e+00  1.56629380e+00  5.68095606e-02  6.30957344e+04  2.02272938e+00  1.27471204e+00  2.02244900e+00 
 4.81000000e+00  1.57026632e+00  5.68095606e-02  6.45654229e+04  2.00465883e+00  1.29278248e+00  2.00439200e+00 
 4.82000000e+00  1.57425860e+00  5.68095606e-02  6.60693448e+04  1.98649843e+00  1.31094276e+00  1.98624521e+00 
 4.83000000e+00  1.57826971e+00  5.68095606e-02  6.76082975e+04  1.96825236e+00  1.32918871e+00  1.96801282e+00 
 4.84000000e+00  1.58229871e+00  5.68095606e-02  6.91830971e+04  1.94992489e+00  1.34751607e+00  1.94969909e+00 
 4.85000000e+00  1.58634466e+00  5.68095606e-02  7.07945784e+04  1.93152036e+00  1.36592048e+00  1.93130836e+00 
 4.86000000e+00  1.59040657e+00  5.68095606e-02  7.24435960e+04  1.91304320e+00  1.38439752e+00  1.91284505e+00 
 4.87000000e+00  1.59448346e+00  5.68095606e-02  7.41310241e+04  1.89449790e+00  1.40294270e+00  1.89431365e+00 
 4.88000000e+00  1.59857433e+00  5.68095606e-02  7.58577575e+04  1.87588903e+00  1.42155146e+00  1.87571873e+00 
 4.89000000e+00  1.60267815e+00  5.68095606e-02  7.76247117e+04  1.85722122e+00  1.44021915e+00  1.85706492e+00 
 4.90000000e+00  1.60679390e+00  5.68095606e-02  7.94328235e+04  1.83849916e+00  1.45894108e+00  1.83835690e+00 
 4.91000000e+00  1.61092053e+00  5.68095606e-02  8.12830516e+04  1.81972761e+00  1.47771251e+00  1.81959942e+00 
 4.92000000e+00  1.61505698e+00  5.68095606e-02  8.31763771e+04  1.80091136e+00  1.49652864e+00  1.80079727e+00 
 4.93000000e+00  1.61920220e+00  5.68095606e-02  8.51138038e+04  1.78205527e+00  1.51538462e+00  1.78195531e+00 
 4.94000000e+00  1.62335510e+00  5.68095606e-02  8.70963590e+04  1.76316421e+00  1.53427556e+00  1.76307841e+00 
 4.95000000e+00  1.62751460e+00  5.68095606e-02  8.91250938e+04  1.74424311e+00  1.55319653e+00  1.74417150e+00 
 4.96000000e+00  1.63167962e+00  5.68095606e-02  9.12010839e+04  1.72529694e+00  1.57214258e+00  1.72523953e+00 
 4.97000000e+00  1.63584905e+00  5.68095606e-02  9.33254301e+04  1.70633067e+00  1.59110873e+00  1.70628748e+00 
 4.98000000e+00  1.64002180e+00  5.68095606e-02  9.54992586e+04  1.68734931e+00  1.61008997e+00  1.68732036e+00 
 4.99000000e+00  1.64419677e+00  5.68095606e-02  9.77237221e+04  1.66835789e+00  1.62908127e+00  1.66834316e+00 
 5.00000000e+00  1.64837322e+00  5.68095606e-02  1.00000000e+05  1.64935969e+00  1.64807935e+00  1.64935921e+00 
 5.01000000e+00  1.65254873e+00  5.68095606e-02  1.02329299e+05  1.63036577e+00  1.66707314e+00  1.63037953e+00 
 5.02000000e+00  1.65672314e+00  3.28207181e+00  1.04712855e+05  1.61137689e+00  1.68606191e+00  1.61140488e+00 
 5.03000000e+00  1.66089533e+00  3.28245146e+00  1.07151931e+05  1.59239807e+00  1.70504061e+00  1.59244029e+00 
 5.04000000e+00  1.66506605e+00  3.28208296e+00  1.09647820e+05  1.57342595e+00  1.72401260e+00  1.57348239e+00 
 5.05000000e+00  1.66923109e+00  3.28207431e+00  1.12201845e+05  1.55447970e+00  1.74295873e+00  1.55455035e+00 
 5.06000000e+00  1.67339059e+00  3.28207181e+00  1.14815362e+05  1.53555859e+00  1.76187972e+00  1.53564343e+00 
 5.07000000e+00  1.67754350e+00  3.28207181e+00  1.17489755e+05  1.51666752e+00  1.78077067e+00  1.51676651e+00 
 5.08000000e+00  1.68168872e+00  3.28207181e+00  1.20226443e+05  1.49781141e+00  1.79962666e+00  1.49792453e+00 
 5.09000000e+00  1.68582517e+00  3.28207181e+00  1.23026877e+05  1.47899514e+00  1.81844281e+00  1.47912237e+00 
 5.10000000e+00  1.68995181e+00  3.28207181e+00  1.25892541e+05  1.46022357e+00  1.83721427e+00  1.46036487e+00 
 5.11000000e+00  1.69406756e+00  3.28207181e+00  1.28824955e+05  1.44150149e+00  1.85593622e+00  1.44165683e+00 
 5.12000000e+00  1.69817139e+00  3.28207181e+00  1.31825674e+05  1.42283365e+00  1.87460394e+00  1.42300299e+00 
 5.13000000e+00  1.70226226e+00  3.28207181e+00  1.34896288e+05  1.40422476e+00  1.89321272e+00  1.40440804e+00 
 5.14000000e+00  1.70633916e+00  3.28207181e+00  1.38038426e+05  1.38567943e+00  1.91175793e+00  1.38587661e+00 
 5.15000000e+00  1.71040108e+00  3.28207181e+00  1.41253754e+05  1.36720223e+00  1.93023501e+00  1.36741327e+00 
 5.16000000e+00  1.71444703e+00  3.28207181e+00  1.44543977e+05  1.34879767e+00  1.94863945e+00  1.34902251e+00 
 5.17000000e+00  1.71847604e+00  3.28207181e+00  1.47910839e+05  1.33047017e+00  1.96696684e+00  1.33070874e+00 
 5.18000000e+00  1.72248716e+00  3.28207181e+00  1.51356125e+05  1.31222406e+00  1.98521282e+00  1.31247631e+00 
 5.19000000e+00  1.72647944e+00  3.28207181e+00  1.54881662e+05  1.29406362e+00  2.00337315e+00  1.29432949e+00 
 5.20000000e+00  1.73045198e+00  3.28207181e+00  1.58489319e+05  1.27599303e+00  2.02144362e+00  1.27627245e+00 
 5.21000000e+00  1.73440386e+00  3.28207181e+00  1.62181010e+05  1.25801638e+00  2.03942016e+00  1.25830927e+00 
 5.22000000e+00  1.73833421e+00  3.28207181e+00  1.65958691e+05  1.24013766e+00  2.05729877e+00  1.24044395e+00 
 5.23000000e+00  1.74224218e+00  3.28207181e+00  1.69824365e+05  1.22236078e+00  2.07507553e+00  1.22268040e+00 
 5.24000000e+00  1.74612692e+00  3.28207181e+00  1.73780083e+05  1.20468954e+00  2.09274666e+00  1.20502241e+00 
 5.25000000e+00  1.74998763e+00  3.28207181e+00  1.77827941e+05  1.18712766e+00  2.11030843e+00  1.18747369e+00 
 5.26000000e+00  1.75382350e+00  3.28207181e+00  1.81970086e+05  1.16967872e+00  2.12775726e+00  1.17003783e+00 
 5.27000000e+00  1.75763377e+00  3.28207181e+00  1.86208714e+05  1.15234623e+00  2.14508964e+00  1.15271833e+00 
 5.28000000e+00  1.76141770e+00  3.28207181e+00  1.90546072e+05  1.13513357e+00  2.16230219e+00  1.13551858e+00 
 5.29000000e+00  1.76517457e+00  3.28207181e+00  1.94984460e+05  1.11804402e+00  2.17939162e+00  1.11844184e+00 
 5.30000000e+00  1.76890368e+00  3.28207181e+00  1.99526231e+05  1.10108076e+00  2.19635478e+00  1.10149129e+00 
 5.31000000e+00  1.77260435e+00  3.28207181e+00  2.04173794e+05  1.08424682e+00  2.21318861e+00  1.08466997e+00 
 5.32000000e+00  1.77627595e+00  3.28207181e+00  2.08929613e+05  1.06754515e+00  2.22989017e+00  1.06798083e+00 
 5.33000000e+00  1.77991785e+00  3.28207181e+00  2.13796209e+05  1.05097858e+00  2.24645664e+00  1.05142667e+00 
 5.34000000e+00  1.78352945e+00  3.28207181e+00  2.18776162e+05  1.03454980e+00  2.26288531e+00  1.03501021e+00 
 5.35000000e+00  1.78711020e+00  3.28207181e+00  2.23872114e+05  1.01826142e+00  2.27917359e+00  1.01873404e+00 
 5.36000000e+00  1.79065954e+00  3.28207181e+00  2.29086765e+05  1.00211590e+00  2.29531901e+00  1.00260062e+00 
 5.37000000e+00  1.79417695e+00  3.28207181e+00  2.34422882e+05  9.86115588e-01  2.31131922e+00  9.86612307e-01 
 5.38000000e+00  1.79766195e+00  3.28207181e+00  2.39883292e+05  9.70262728e-01  2.32717198e+00  9.70771331e-01 
 5.39000000e+00  1.80111407e+00  3.28207181e+00  2.45470892e+05  9.54559433e-01  2.34287517e+00  9.55079809e-01 
 5.40000000e+00  1.80453288e+00  3.28207181e+00  2.51188643e+05  9.39007702e-01  2.35842680e+00  9.39539735e-01 
 5.41000000e+00  1.80791795e+00  3.28207181e+00  2.57039578e+05  9.23609414e-01  2.37382499e+00  9.24152991e-01 
 5.42000000e+00  1.81126890e+00  3.28207181e+00  2.63026799e+05  9.08366332e-01  2.38906798e+00  9.08921335e-01 
 5.43000000e+00  1.81456796e+00  3.28207181e+00  2.69153480e+05  8.93359259e-01  2.40407495e+00  8.93925513e-01 
 5.44000000e+00  1.81786691e+00  3.28207181e+00  2.75422870e+05  8.78352744e-01  2.41908137e+00  8.78930247e-01 
 5.45000000e+00  1.82111354e+00  3.28207181e+00  2.81838293e+05  8.63584199e-01  2.43384982e+00  8.64172774e-01 
 5.46000000e+00  1.82432465e+00  3.28207181e+00  2.88403150e+05  8.48977238e-01  2.44845669e+00  8.49576762e-01 
 5.47000000e+00  1.82750008e+00  3.28207181e+00  2.95120923e+05  8.34532564e-01  2.46290127e+00  8.35142917e-01 
 5.48000000e+00  1.83063960e+00  3.28207181e+00  3.01995172e+05  8.20251250e-01  2.47718250e+00  8.20872309e-01 
 5.49000000e+00  1.83374300e+00  3.28207181e+00  3.09029543e+05  8.06134263e-01  2.49129939e+00  8.06765905e-01 
 5.50000000e+00  1.83681008e+00  3.28207181e+00  3.16227766e+05  7.92182462e-01  2.50525110e+00  7.92824563e-01 
 5.51000000e+00  1.83984069e+00  3.28207181e+00  3.23593657e+05  7.78396599e-01  2.51903688e+00  7.79049034e-01 
 5.52000000e+00  1.84283467e+00  3.28207181e+00  3.31131121e+05  7.64777320e-01  2.53265607e+00  7.65439965e-01 
 5.53000000e+00  1.84579191e+00  3.28207181e+00  3.38844156e+05  7.51325170e-01  2.54610814e+00  7.51997899e-01 
 5.54000000e+00  1.84871232e+00  3.28207181e+00  3.46736850e+05  7.38040592e-01  2.55939263e+00  7.38723280e-01 
 5.55000000e+00  1.85159581e+00  3.28207181e+00  3.54813389e+05  7.24923931e-01  2.57250921e+00  7.25616452e-01 
 5.56000000e+00  1.85444233e+00  3.28207181e+00  3.63078055e+05  7.11975435e-01  2.58545762e+00  7.12677663e-01 
 5.57000000e+00  1.85725185e+00  3.28207181e+00  3.71535229e+05  6.99195258e-01  2.59823772e+00  6.99907066e-01 
 5.58000000e+00  1.86002435e+00  3.28207181e+00  3.80189396e+05  6.86583462e-01  2.61084943e+00  6.87304725e-01 
 5.59000000e+00  1.86274126e+00  3.28207181e+00  3.89045145e+05  6.74224566e-01  2.62320825e+00  6.74955093e-01 
 5.60000000e+00  1.86545827e+00  3.28207181e+00  3.98107171e+05  6.61865209e-01  2.63556753e+00  6.62605002e-01 
 5.61000000e+00  1.86811993e+00  3.28207181e+00  4.07380278e+05  6.49757643e-01  2.64767501e+00  6.50506513e-01 
 5.62000000e+00  1.87074462e+00  3.28207181e+00  4.16869383e+05  6.37818226e-01  2.65961436e+00  6.38576045e-01 
 5.63000000e+00  1.87333251e+00  3.28207181e+00  4.26579519e+05  6.26046202e-01  2.67138631e+00  6.26812846e-01 
 5.64000000e+00  1.87588370e+00  3.28207181e+00  4.36515832e+05  6.14441129e-01  2.68299130e+00  6.15216473e-01 
 5.65000000e+00  1.87839831e+00  3.28207181e+00  4.46683592e+05  6.03002493e-01  2.69442987e+00  6.03786412e-01 
 5.66000000e+00  1.88087645e+00  3.28207181e+00  4.57088190e+05  5.91729705e-01  2.70570258e+00  5.92522075e-01 
 5.67000000e+00  1.88331828e+00  3.28207181e+00  4.67735141e+05  5.80622110e-01  2.71681011e+00  5.81422806e-01 
 5.68000000e+00  1.88572396e+00  3.28207181e+00  4.78630092e+05  5.69678983e-01  2.72775316e+00  5.70487882e-01 
 5.69000000e+00  1.88809365e+00  3.28207181e+00  4.89778819e+05  5.58899534e-01  2.73853254e+00  5.59716515e-01 
 5.70000000e+00  1.89042754e+00  3.28207181e+00  5.01187234e+05  5.48282913e-01  2.74914910e+00  5.49107852e-01 
 5.71000000e+00  1.89272584e+00  3.28207181e+00  5.12861384e+05  5.37828209e-01  2.75960373e+00  5.38660986e-01 
 5.72000000e+00  1.89498876e+00  3.28207181e+00  5.24807460e+05  5.27534455e-01  2.76989742e+00  5.28374948e-01 
 5.73000000e+00  1.89721652e+00  3.28207181e+00  5.37031796e+05  5.17400629e-01  2.78003119e+00  5.18248719e-01 
 5.74000000e+00  1.89940936e+00  3.28207181e+00  5.49540874e+05  5.07425656e-01  2.79000609e+00  5.08281224e-01 
 5.75000000e+00  1.90156753e+00  3.28207181e+00  5.62341325e+05  4.97608414e-01  2.79982327e+00  4.98471342e-01 
 5.76000000e+00  1.90369128e+00  3.28207181e+00  5.75439937e+05  4.87947732e-01  2.80948389e+00  4.88817901e-01 
 5.77000000e+00  1.90578088e+00  3.28207181e+00  5.88843655e+05  4.78442394e-01  2.81898917e+00  4.79319690e-01 
 5.78000000e+00  1.90783660e+00  3.28207181e+00  6.02559586e+05  4.69091144e-01  2.82834036e+00  4.69975449e-01 
 5.79000000e+00  1.90985874e+00  3.28207181e+00  6.16595002e+05  4.59892682e-01  2.83753876e+00  4.60783883e-01 
 5.80000000e+00  1.91184758e+00  3.28207181e+00  6.30957344e+05  4.50845676e-01  2.84658571e+00  4.51743659e-01 
 5.81000000e+00  1.91380343e+00  3.28207181e+00  6.45654229e+05  4.41948754e-01  2.85548258e+00  4.42853407e-01 
 5.82000000e+00  1.91572659e+00  3.28207181e+00  6.60693448e+05  4.33200512e-01  2.86423076e+00  4.34111723e-01 
 5.83000000e+00  1.91761738e+00  3.28207181e+00  6.76082975e+05  4.24599517e-01  2.87283170e+00  4.25517175e-01 
 5.84000000e+00  1.91946011e+00  3.28207181e+00  6.91830971e+05  4.16217160e-01  2.88121401e+00  4.17141102e-01 
 5.85000000e+00  1.92128730e+00  3.28207181e+00  7.07945784e+05  4.07905483e-01  2.88952563e+00  4.08835656e-01 
 5.86000000e+00  1.92308311e+00  3.28207181e+00  7.24435960e+05  3.99736571e-01  2.89769449e+00  4.00672868e-01 
 5.87000000e+00  1.92484787e+00  3.28207181e+00  7.41310241e+05  3.91708888e-01  2.90572212e+00  3.92651203e-01 
 5.88000000e+00  1.92658192e+00  3.28207181e+00  7.58577575e+05  3.83820875e-01  2.91361009e+00  3.84769103e-01 
 5.89000000e+00  1.92828562e+00  3.28207181e+00  7.76247117e+05  3.76070955e-01  2.92135996e+00  3.77024993e-01 
 5.90000000e+00  1.92995931e+00  3.28207181e+00  7.94328235e+05  3.68457535e-01  2.92897333e+00  3.69417280e-01 
 5.91000000e+00  1.93160335e+00  3.28207181e+00  8.12830516e+05  3.60979004e-01  2.93645181e+00  3.61944356e-01 
 5.92000000e+00  1.93321809e+00  3.28207181e+00  8.31763771e+05  3.53633741e-01  2.94379703e+00  3.54604598e-01 
 5.93000000e+00  1.93480389e+00  3.28207181e+00  8.51138038e+05  3.46420109e-01  2.95101061e+00  3.47396374e-01 
 5.94000000e+00  1.93636112e+00  3.28207181e+00  8.70963590e+05  3.39336463e-01  2.95809421e+00  3.40318038e-01 
 5.95000000e+00  1.93789013e+00  3.28207181e+00  8.91250938e+05  3.32381148e-01  2.96504948e+00  3.33367938e-01 
 5.96000000e+00  1.93939130e+00  3.28207181e+00  9.12010839e+05  3.25552502e-01  2.97187809e+00  3.26544411e-01 
 5.97000000e+00  1.94086499e+00  3.28207181e+00  9.33254301e+05  3.18848858e-01  2.97858169e+00  3.19845792e-01 
 5.98000000e+00  1.94231157e+00  3.28207181e+00  9.54992586e+05  3.12268543e-01  2.98516196e+00  3.13270410e-01 
 5.99000000e+00  1.94373141e+00  3.28207181e+00  9.77237221e+05  3.05809880e-01  2.99162058e+00  3.06816589e-01 
 6.00000000e+00  1.94512487e+00  3.28207181e+00  1.00000000e+06  2.99471193e-01  2.99795923e+00  3.00482653e-01 
 6.01000000e+00  1.94649232e+00  3.28207181e+00  1.02329299e+06  2.93250803e-01  3.00417958e+00  2.94266926e-01 
 6.02000000e+00  1.94784689e+00  3.28207181e+00  1.04712855e+06  2.87089002e-01  3.01034134e+00  2.88109745e-01 
 6.03000000e+00  1.94916329e+00  3.28207181e+00  1.07151931e+06  2.81100895e-01  3.01632941e+00  2.82126127e-01 
 6.04000000e+00  1.95045475e+00  3.28207181e+00  1.09647820e+06  2.75226178e-01  3.02220409e+00  2.76255813e-01 
 6.05000000e+00  1.95172168e+00  3.28207181e+00  1.12201845e+06  2.69463058e-01  3.02796717e+00  2.70497014e-01 
 6.06000000e+00  1.95296444e+00  3.28207181e+00  1.14815362e+06  2.63809871e-01  3.03362032e+00  2.64848065e-01 
 6.07000000e+00  1.95418341e+00  3.28207181e+00  1.17489755e+06  2.58264957e-01  3.03916520e+00  2.59307307e-01 
 6.08000000e+00  1.95537893e+00  3.28207181e+00  1.20226443e+06  2.52826662e-01  3.04460346e+00  2.53873089e-01 
 6.09000000e+00  1.95655137e+00  3.28207181e+00  1.23026877e+06  2.47493343e-01  3.04993675e+00  2.48543768e-01 
 6.10000000e+00  1.95770110e+00  3.28207181e+00  1.25892541e+06  2.42263360e-01  3.05516670e+00  2.43317706e-01 
 6.11000000e+00  1.95882847e+00  3.28207181e+00  1.28824955e+06  2.37135087e-01  3.06029494e+00  2.38193278e-01 
 6.12000000e+00  1.95993384e+00  3.28207181e+00  1.31825674e+06  2.32106905e-01  3.06532309e+00  2.33168865e-01 
 6.13000000e+00  1.96101756e+00  3.28207181e+00  1.34896288e+06  2.27177207e-01  3.07025275e+00  2.28242863e-01 
 6.14000000e+00  1.96207997e+00  3.28207181e+00  1.38038426e+06  2.22344397e-01  3.07508553e+00  2.23413675e-01 
 6.15000000e+00  1.96312144e+00  3.28207181e+00  1.41253754e+06  2.17606888e-01  3.07982301e+00  2.18679718e-01 
 6.16000000e+00  1.96414230e+00  3.28207181e+00  1.44543977e+06  2.12963109e-01  3.08446676e+00  2.14039420e-01 
 6.17000000e+00  1.96514290e+00  3.28207181e+00  1.47910839e+06  2.08411500e-01  3.08901834e+00  2.09491224e-01 
 6.18000000e+00  1.96612358e+00  3.28207181e+00  1.51356125e+06  2.03950516e-01  3.09347930e+00  2.05033584e-01 
 6.19000000e+00  1.96708467e+00  3.28207181e+00  1.54881662e+06  1.99578624e-01  3.09785116e+00  2.00664969e-01 
 6.20000000e+00  1.96802651e+00  3.28207181e+00  1.58489319e+06  1.95294306e-01  3.10213545e+00  1.96383863e-01 
 6.21000000e+00  1.96894943e+00  3.28207181e+00  1.62181010e+06  1.91096059e-01  3.10633367e+00  1.92188763e-01 
 6.22000000e+00  1.96985375e+00  3.28207181e+00  1.65958691e+06  1.86982394e-01  3.11044731e+00  1.88078182e-01 
 6.23000000e+00  1.97073980e+00  3.28207181e+00  1.69824365e+06  1.82951840e-01  3.11447784e+00  1.84050649e-01 
 6.24000000e+00  1.97160791e+00  3.28207181e+00  1.73780083e+06  1.79002939e-01  3.11842672e+00  1.80104708e-01 
 6.25000000e+00  1.97245838e+00  3.28207181e+00  1.77827941e+06  1.75134249e-01  3.12229538e+00  1.76238918e-01 
 6.26000000e+00  1.97329153e+00  3.28207181e+00  1.81970086e+06  1.71344346e-01  3.12608526e+00  1.72451856e-01 
 6.27000000e+00  1.97410767e+00  3.28207181e+00  1.86208714e+06  1.67631822e-01  3.12979776e+00  1.68742116e-01 
 6.28000000e+00  1.97489879e+00  3.28207181e+00  1.90546072e+06  1.64033099e-01  3.13339646e+00  1.65146090e-01 
 6.29000000e+00  1.97569013e+00  3.28207181e+00  1.94984460e+06  1.60433406e-01  3.13699613e+00  1.61549096e-01 
 6.30000000e+00  1.97645706e+00  3.28207181e+00  1.99526231e+06  1.56944694e-01  3.14048482e+00  1.58062999e-01 
 6.31000000e+00  1.97720818e+00  3.28207181e+00  2.04173794e+06  1.53527941e-01  3.14390155e+00  1.54648807e-01 
 6.32000000e+00  1.97794378e+00  3.28207181e+00  2.08929613e+06  1.50181780e-01  3.14724769e+00  1.51305155e-01 
 6.33000000e+00  1.97866415e+00  3.28207181e+00  2.13796209e+06  1.46904905e-01  3.15052454e+00  1.48030737e-01 
 6.34000000e+00  1.97936957e+00  3.28207181e+00  2.18776162e+06  1.43696030e-01  3.15373340e+00  1.44824267e-01 
 6.35000000e+00  1.98006032e+00  3.28207181e+00  2.23872114e+06  1.40553882e-01  3.15687553e+00  1.41684475e-01 
 6.36000000e+00  1.98073668e+00  3.28207181e+00  2.29086765e+06  1.37477210e-01  3.15995218e+00  1.38610109e-01 
 6.37000000e+00  1.98139892e+00  3.28207181e+00  2.34422882e+06  1.34464779e-01  3.16296459e+00  1.35599936e-01 
 6.38000000e+00  1.98204730e+00  3.28207181e+00  2.39883292e+06  1.31515370e-01  3.16591398e+00  1.32652739e-01 
 6.39000000e+00  1.98268209e+00  3.28207181e+00  2.45470892e+06  1.28627786e-01  3.16880155e+00  1.29767319e-01 
 6.40000000e+00  1.98330355e+00  3.28207181e+00  2.51188643e+06  1.25800842e-01  3.17162847e+00  1.26942494e-01 
 6.41000000e+00  1.98391193e+00  3.28207181e+00  2.57039578e+06  1.23033376e-01  3.17439592e+00  1.24177102e-01 
 6.42000000e+00  1.98450749e+00  3.28207181e+00  2.63026799e+06  1.20324239e-01  3.17710504e+00  1.21469997e-01 
 6.43000000e+00  1.98509048e+00  3.28207181e+00  2.69153480e+06  1.17672304e-01  3.17975696e+00  1.18820050e-01 
 6.44000000e+00  1.98566113e+00  3.28207181e+00  2.75422870e+06  1.15076459e-01  3.18235279e+00  1.16226150e-01 
 6.45000000e+00  1.98621970e+00  3.28207181e+00  2.81838293e+06  1.12535608e-01  3.18489362e+00  1.13687205e-01 
 6.46000000e+00  1.98676641e+00  3.28207181e+00  2.88403150e+06  1.10048676e-01  3.18738054e+00  1.11202137e-01 
 6.47000000e+00  1.98730150e+00  3.28207181e+00  2.95120923e+06  1.07614602e-01  3.18981460e+00  1.08769887e-01 
 6.48000000e+00  1.98782521e+00  3.28207181e+00  3.01995172e+06  1.05232344e-01  3.19219684e+00  1.06389415e-01 
 6.49000000e+00  1.98833774e+00  3.28207181e+00  3.09029543e+06  1.02900876e-01  3.19452829e+00  1.04059695e-01 
 6.50000000e+00  1.98883933e+00  3.28207181e+00  3.16227766e+06  1.00619190e-01  3.19680996e+00  1.01779719e-01 
 6.51000000e+00  1.98933020e+00  3.28207181e+00  3.23593657e+06  9.83862933e-02  3.19904285e+00  9.95484966e-02 
 6.52000000e+00  1.98981056e+00  3.28207181e+00  3.31131121e+06  9.62012117e-02  3.20122791e+00  9.73650530e-02 
 6.53000000e+00  1.99028061e+00  3.28207181e+00  3.38844156e+06  9.40629855e-02  3.20336613e+00  9.52284297e-02 
 6.54000000e+00  1.99074057e+00  3.28207181e+00  3.46736850e+06  9.19706729e-02  3.20545843e+00  9.31376856e-02 
 6.55000000e+00  1.99119065e+00  3.28207181e+00  3.54813389e+06  8.99233478e-02  3.20750574e+00  9.10918953e-02 
 6.56000000e+00  1.99163103e+00  3.28207181e+00  3.63078055e+06  8.79201003e-02  3.20950897e+00  8.90901495e-02 
 6.57000000e+00  1.99206192e+00  3.28207181e+00  3.71535229e+06  8.59600356e-02  3.21146902e+00  8.71315542e-02 
 6.58000000e+00  1.99248351e+00  3.28207181e+00  3.80189396e+06  8.40422757e-02  3.21338677e+00  8.52152320e-02 
 6.59000000e+00  1.99289599e+00  3.28207181e+00  3.89045145e+06  8.21659575e-02  3.21526308e+00  8.33403203e-02 
 6.60000000e+00  1.99329954e+00  3.28207181e+00  3.98107171e+06  8.03302341e-02  3.21709879e+00  8.15059730e-02 
 6.61000000e+00  1.99369436e+00  3.28207181e+00  4.07380278e+06  7.85342720e-02  3.21889474e+00  7.97113573e-02 
 6.62000000e+00  1.99408061e+00  3.28207181e+00  4.16869383e+06  7.67772555e-02  3.22065175e+00  7.79556579e-02 
 6.63000000e+00  1.99445847e+00  3.28207181e+00  4.26579519e+06  7.50583810e-02  3.22237061e+00  7.62380720e-02 
 6.64000000e+00  1.99482813e+00  3.28207181e+00  4.36515832e+06  7.33768611e-02  3.22405212e+00  7.45578126e-02 
 6.65000000e+00  1.99518974e+00  3.28207181e+00  4.46683592e+06  7.17319237e-02  3.22569705e+00  7.29141083e-02 
 6.66000000e+00  1.99554348e+00  3.28207181e+00  4.57088190e+06  7.01228078e-02  3.22730615e+00  7.13061988e-02 
 6.67000000e+00  1.99588951e+00  3.28207181e+00  4.67735141e+06  6.85487704e-02  3.22888018e+00  6.97333413e-02 
 6.68000000e+00  1.99622799e+00  3.28207181e+00  4.78630092e+06  6.70090802e-02  3.23041986e+00  6.81948053e-02 
 6.69000000e+00  1.99655907e+00  3.28207181e+00  4.89778819e+06  6.55030196e-02  3.23192591e+00  6.66898737e-02 
 6.70000000e+00  1.99688292e+00  3.28207181e+00  5.01187234e+06  6.40298853e-02  3.23339904e+00  6.52178438e-02 
 6.71000000e+00  1.99719967e+00  3.28207181e+00  5.12861384e+06  6.25889870e-02  3.23483992e+00  6.37780256e-02 
 6.72000000e+00  1.99750949e+00  3.28207181e+00  5.24807460e+06  6.11796475e-02  3.23624925e+00  6.23697427e-02 
 6.73000000e+00  1.99781252e+00  3.28207181e+00  5.37031796e+06  5.98012033e-02  3.23762769e+00  6.09923317e-02 
 6.74000000e+00  1.99810890e+00  3.28207181e+00  5.49540874e+06  5.84530021e-02  3.23897588e+00  5.96451412e-02 
 6.75000000e+00  1.99839554e+00  3.28207181e+00  5.62341325e+06  5.71491122e-02  3.24027976e+00  5.83422288e-02 
 6.76000000e+00  1.99867911e+00  3.28207181e+00  5.75439937e+06  5.58591830e-02  3.24156969e+00  5.70532666e-02 
 6.77000000e+00  1.99895645e+00  3.28207181e+00  5.88843655e+06  5.45976242e-02  3.24283124e+00  5.57926535e-02 
 6.78000000e+00  1.99922768e+00  3.28207181e+00  6.02559586e+06  5.33638332e-02  3.24406502e+00  5.45597874e-02 
 6.79000000e+00  1.99949293e+00  3.28207181e+00  6.16595002e+06  5.21572200e-02  3.24527162e+00  5.33540788e-02 
 6.80000000e+00  1.99975234e+00  3.28207181e+00  6.30957344e+06  5.09772055e-02  3.24645163e+00  5.21749489e-02 
 6.81000000e+00  2.00000602e+00  3.28207181e+00  6.45654229e+06  4.98232228e-02  3.24760561e+00  5.10218313e-02 
 6.82000000e+00  2.00025411e+00  3.28207181e+00  6.60693448e+06  4.86947153e-02  3.24873411e+00  4.98941697e-02 
 6.83000000e+00  2.00049671e+00  3.28207181e+00  6.76082975e+06  4.75911378e-02  3.24983768e+00  4.87914195e-02 
 6.84000000e+00  2.00073395e+00  3.28207181e+00  6.91830971e+06  4.65119572e-02  3.25091685e+00  4.77130479e-02 
 6.85000000e+00  2.00096595e+00  3.28207181e+00  7.07945784e+06  4.54566495e-02  3.25197215e+00  4.66585313e-02 
 6.86000000e+00  2.00119280e+00  3.28207181e+00  7.24435960e+06  4.44247020e-02  3.25300409e+00  4.56273575e-02 
 6.87000000e+00  2.00141464e+00  3.28207181e+00  7.41310241e+06  4.34156117e-02  3.25401224e+00  4.46190236e-02 
 6.88000000e+00  2.00163155e+00  3.28207181e+00  7.58577575e+06  4.24288858e-02  3.25468969e+00  4.36330373e-02 
 6.89000000e+00  2.00184366e+00  3.28207181e+00  7.76247117e+06  4.14640426e-02  3.25467618e+00  4.26689174e-02 
 6.90000000e+00  2.00205106e+00  3.28207181e+00  7.94328235e+06  4.05206091e-02  3.25466298e+00  4.17261910e-02 
 6.91000000e+00  2.00225385e+00  3.28207181e+00  8.12830516e+06  3.95981228e-02  3.25465006e+00  4.08043962e-02 
 6.92000000e+00  2.00245214e+00  3.28207181e+00  8.31763771e+06  3.86961300e-02  3.25463744e+00  3.99030795e-02 
 6.93000000e+00  2.00264602e+00  3.28207181e+00  8.51138038e+06  3.78141870e-02  3.25462509e+00  3.90217975e-02 
 6.94000000e+00  2.00283559e+00  3.28207181e+00  8.70963590e+06  3.69518585e-02  3.25461302e+00  3.81601153e-02 
 6.95000000e+00  2.00302094e+00  3.28207181e+00  8.91250938e+06  3.61087183e-02  3.25460121e+00  3.73176071e-02 
 6.96000000e+00  2.00320217e+00  3.28207181e+00  9.12010839e+06  3.52843488e-02  3.25458967e+00  3.64938556e-02 
 6.97000000e+00  2.00337935e+00  3.28207181e+00  9.33254301e+06  3.44783421e-02  3.25457839e+00  3.56884529e-02 
 6.98000000e+00  2.00355455e+00  3.28207181e+00  9.54992586e+06  3.36813820e-02  3.25456723e+00  3.48920902e-02 
 6.99000000e+00  2.00372389e+00  3.28207181e+00  9.77237221e+06  3.29111003e-02  3.25455645e+00  3.41223858e-02 
 7.00000000e+00  2.00388944e+00  3.28207181e+00  1.00000000e+07  3.21580035e-02  3.25454590e+00  3.33698536e-02 
