 2.00000000e-01  1.07851121e-01  1.42032807e-03 
 2.02000000e-01  1.07851129e-01  1.42032806e-03 
 2.04000000e-01  1.07851138e-01  1.42032805e-03 
 2.06000000e-01  1.07851146e-01  1.42032805e-03 
 2.08000000e-01  1.07851154e-01  1.42032804e-03 
 2.10000000e-01  1.07851162e-01  1.42032803e-03 
 2.12000000e-01  1.07851171e-01  1.42032802e-03 
 2.14000000e-01  1.07851179e-01  1.42032801e-03 
 2.16000000e-01  1.07851187e-01  1.42032801e-03 
 2.18000000e-01  1.07851195e-01  1.42032800e-03 
 2.20000000e-01  1.07851204e-01  1.42032799e-03 
 2.22000000e-01  1.07851212e-01  1.42032798e-03 
 2.24000000e-01  1.07851220e-01  1.42032797e-03 
 2.26000000e-01  1.07851228e-01  1.42032797e-03 
 2.28000000e-01  1.07851237e-01  1.42032796e-03 
 2.30000000e-01  1.07851245e-01  1.42032795e-03 
 2.32000000e-01  1.07851253e-01  1.42032794e-03 
 2.34000000e-01  1.07851261e-01  1.42032793e-03 
 2.36000000e-01  1.07851270e-01  1.42032793e-03 
 2.38000000e-01  1.07851278e-01  1.42032792e-03 
 2.40000000e-01  1.07851286e-01  1.42032791e-03 
 2.42000000e-01  1.07851294e-01  1.42032790e-03 
 2.44000000e-01  1.07851302e-01  1.42032789e-03 
 2.46000000e-01  1.07851311e-01  1.42032789e-03 
 2.48000000e-01  1.07851319e-01  1.42032788e-03 
 2.50000000e-01  1.07851327e-01  1.42032787e-03 
 2.52000000e-01  1.07851335e-01  1.42032786e-03 
 2.54000000e-01  1.07851344e-01  1.42032786e-03 
 2.56000000e-01  1.07851352e-01  1.42032785e-03 
 2.58000000e-01  1.07851360e-01  1.42032784e-03 
 2.60000000e-01  1.07851368e-01  1.42032783e-03 
 2.62000000e-01  1.07851377e-01  1.42032782e-03 
 2.64000000e-01  1.07851385e-01  1.42032782e-03 
 2.66000000e-01  1.07851393e-01  1.42032781e-03 
 2.68000000e-01  1.07851401e-01  1.42032780e-03 
 2.70000000e-01  1.07851410e-01  1.42032779e-03 
 2.72000000e-01  1.07851418e-01  1.42032778e-03 
 2.74000000e-01  1.07851426e-01  1.42032778e-03 
 2.76000000e-01  1.07851434e-01  1.42032777e-03 
 2.78000000e-01  1.07851443e-01  1.42032776e-03 
 2.80000000e-01  1.07851451e-01  1.42032775e-03 
 2.82000000e-01  1.07851459e-01  1.42032774e-03 
 2.84000000e-01  1.07851467e-01  1.42032774e-03 
 2.86000000e-01  1.07851476e-01  1.42032773e-03 
 2.88000000e-01  1.07851484e-01  1.42032772e-03 
 2.90000000e-01  1.07851492e-01  1.42032771e-03 
 2.92000000e-01  1.07851500e-01  1.42032770e-03 
 2.94000000e-01  1.07851508e-01  1.42032770e-03 
 2.96000000e-01  1.07851517e-01  1.42032769e-03 
 2.98000000e-01  1.07851525e-01  1.42032768e-03 
 3.00000000e-01  1.07851533e-01  1.42032767e-03 
 3.02000000e-01  1.07851541e-01  1.42032766e-03 
 3.04000000e-01  1.07851550e-01  1.42032766e-03 
 3.06000000e-01  1.07851558e-01  1.42032765e-03 
 3.08000000e-01  1.07851566e-01  1.42032764e-03 
 3.10000000e-01  1.07851574e-01  1.42032763e-03 
 3.12000000e-01  1.07851583e-01  1.42032763e-03 
 3.14000000e-01  1.07851591e-01  1.42032762e-03 
 3.16000000e-01  1.07851599e-01  1.42032761e-03 
 3.18000000e-01  1.07851607e-01  1.42032760e-03 
 3.20000000e-01  1.07851616e-01  1.42032759e-03 
 3.22000000e-01  1.07851624e-01  1.42032759e-03 
 3.24000000e-01  1.07851632e-01  1.42032758e-03 
 3.26000000e-01  1.07851640e-01  1.42032757e-03 
 3.28000000e-01  1.07851649e-01  1.42032756e-03 
 3.30000000e-01  1.07851657e-01  1.42032755e-03 
 3.32000000e-01  1.07851665e-01  1.42032755e-03 
 3.34000000e-01  1.07851673e-01  1.42032754e-03 
 3.36000000e-01  1.07851681e-01  1.42032753e-03 
 3.38000000e-01  1.07851690e-01  1.42032752e-03 
 3.40000000e-01  1.07851698e-01  1.42032751e-03 
 3.42000000e-01  1.07851706e-01  1.42032751e-03 
 3.44000000e-01  1.07851714e-01  1.42032750e-03 
 3.46000000e-01  1.07851723e-01  1.42032749e-03 
 3.48000000e-01  1.07851731e-01  1.42032748e-03 
 3.50000000e-01  1.07851739e-01  1.42032747e-03 
 3.52000000e-01  1.07851747e-01  1.42032747e-03 
 3.54000000e-01  1.07851756e-01  1.42032746e-03 
 3.56000000e-01  1.07851764e-01  1.42032745e-03 
 3.58000000e-01  1.07851772e-01  1.42032744e-03 
 3.60000000e-01  1.07851780e-01  1.42032743e-03 
 3.62000000e-01  1.07851789e-01  1.42032743e-03 
 3.64000000e-01  1.07851797e-01  1.42032742e-03 
 3.66000000e-01  1.07851805e-01  1.42032741e-03 
 3.68000000e-01  1.07851813e-01  1.42032740e-03 
 3.70000000e-01  1.07851822e-01  1.42032740e-03 
 3.72000000e-01  1.07851830e-01  1.42032739e-03 
 3.74000000e-01  1.07851838e-01  1.42032738e-03 
 3.76000000e-01  1.07851846e-01  1.42032737e-03 
 3.78000000e-01  1.07851854e-01  1.42032736e-03 
 3.80000000e-01  1.07851863e-01  1.42032736e-03 
 3.82000000e-01  1.07851871e-01  1.42032735e-03 
 3.84000000e-01  1.07851879e-01  1.42032734e-03 
 3.86000000e-01  1.07851887e-01  1.42032733e-03 
 3.88000000e-01  1.07851896e-01  1.42032732e-03 
 3.90000000e-01  1.07851904e-01  1.42032732e-03 
 3.92000000e-01  1.07851912e-01  1.42032731e-03 
 3.94000000e-01  1.07851920e-01  1.42032730e-03 
 3.96000000e-01  1.07851929e-01  1.42032729e-03 
 3.98000000e-01  1.07851937e-01  1.42032728e-03 
 4.00000000e-01  1.07851945e-01  1.42032728e-03 
 4.02000000e-01  1.07851953e-01  1.42032727e-03 
 4.04000000e-01  1.07851962e-01  1.42032726e-03 
 4.06000000e-01  1.07851970e-01  1.42032725e-03 
 4.08000000e-01  1.07851978e-01  1.42032724e-03 
 4.10000000e-01  1.07851986e-01  1.42032724e-03 
 4.12000000e-01  1.07851995e-01  1.42032723e-03 
 4.14000000e-01  1.07852003e-01  1.42032722e-03 
 4.16000000e-01  1.07852011e-01  1.42032721e-03 
 4.18000000e-01  1.07852019e-01  1.42032720e-03 
 4.20000000e-01  1.07852028e-01  1.42032720e-03 
 4.22000000e-01  1.07852036e-01  1.42032719e-03 
 4.24000000e-01  1.07852044e-01  1.42032718e-03 
 4.26000000e-01  1.07852052e-01  1.42032717e-03 
 4.28000000e-01  1.07852060e-01  1.42032717e-03 
 4.30000000e-01  1.07852069e-01  1.42032716e-03 
 4.32000000e-01  1.07852077e-01  1.42032715e-03 
 4.34000000e-01  1.07852085e-01  1.42032714e-03 
 4.36000000e-01  1.07852093e-01  1.42032713e-03 
 4.38000000e-01  1.07852102e-01  1.42032713e-03 
 4.40000000e-01  1.07852110e-01  1.42032712e-03 
 4.42000000e-01  1.07852118e-01  1.42032711e-03 
 4.44000000e-01  1.07852126e-01  1.42032710e-03 
 4.46000000e-01  1.07852135e-01  1.42032709e-03 
 4.48000000e-01  1.07852143e-01  1.42032709e-03 
 4.50000000e-01  1.07852151e-01  1.42032708e-03 
 4.52000000e-01  1.07852159e-01  1.42032707e-03 
 4.54000000e-01  1.07852168e-01  1.42032706e-03 
 4.56000000e-01  1.07852176e-01  1.42032705e-03 
 4.58000000e-01  1.07852184e-01  1.42032705e-03 
 4.60000000e-01  1.07852192e-01  1.42032704e-03 
 4.62000000e-01  1.07852201e-01  1.42032703e-03 
 4.64000000e-01  1.07852209e-01  1.42032702e-03 
 4.66000000e-01  1.07852217e-01  1.42032701e-03 
 4.68000000e-01  1.07852225e-01  1.42032701e-03 
 4.70000000e-01  1.07852233e-01  1.42032700e-03 
 4.72000000e-01  1.07852242e-01  1.42032699e-03 
 4.74000000e-01  1.07852250e-01  1.42032698e-03 
 4.76000000e-01  1.07852258e-01  1.42032697e-03 
 4.78000000e-01  1.07852266e-01  1.42032697e-03 
 4.80000000e-01  1.07852275e-01  1.42032696e-03 
 4.82000000e-01  1.07852283e-01  1.42032695e-03 
 4.84000000e-01  1.07852291e-01  1.42032694e-03 
 4.86000000e-01  1.07852299e-01  1.42032693e-03 
 4.88000000e-01  1.07852308e-01  1.42032693e-03 
 4.90000000e-01  1.07852316e-01  1.42032692e-03 
 4.92000000e-01  1.07852324e-01  1.42032691e-03 
 4.94000000e-01  1.07852332e-01  1.42032690e-03 
 4.96000000e-01  1.07852341e-01  1.42032690e-03 
 4.98000000e-01  1.07852349e-01  1.42032689e-03 
 5.00000000e-01  1.07852357e-01  1.42032688e-03 
 5.02000000e-01  1.07852365e-01  1.42032687e-03 
 5.04000000e-01  1.07852374e-01  1.42032686e-03 
 5.06000000e-01  1.07852382e-01  1.42032686e-03 
 5.08000000e-01  1.07852390e-01  1.42032685e-03 
 5.10000000e-01  1.07852398e-01  1.42032684e-03 
 5.12000000e-01  1.07852406e-01  1.42032683e-03 
 5.14000000e-01  1.07852415e-01  1.42032682e-03 
 5.16000000e-01  1.07852423e-01  1.42032682e-03 
 5.18000000e-01  1.07852431e-01  1.42032681e-03 
 5.20000000e-01  1.07852439e-01  1.42032680e-03 
 5.22000000e-01  1.07852448e-01  1.42032679e-03 
 5.24000000e-01  1.07852456e-01  1.42032678e-03 
 5.26000000e-01  1.07852464e-01  1.42032678e-03 
 5.28000000e-01  1.07852472e-01  1.42032677e-03 
 5.30000000e-01  1.07852481e-01  1.42032676e-03 
 5.32000000e-01  1.07852489e-01  1.42032675e-03 
 5.34000000e-01  1.07852497e-01  1.42032674e-03 
 5.36000000e-01  1.07852505e-01  1.42032674e-03 
 5.38000000e-01  1.07852514e-01  1.42032673e-03 
 5.40000000e-01  1.07852522e-01  1.42032672e-03 
 5.42000000e-01  1.07852530e-01  1.42032671e-03 
 5.44000000e-01  1.07852538e-01  1.42032670e-03 
 5.46000000e-01  1.07852547e-01  1.42032670e-03 
 5.48000000e-01  1.07852555e-01  1.42032669e-03 
 5.50000000e-01  1.07852563e-01  1.42032668e-03 
 5.52000000e-01  1.07852571e-01  1.42032667e-03 
 5.54000000e-01  1.07852580e-01  1.42032667e-03 
 5.56000000e-01  1.07852588e-01  1.42032666e-03 
 5.58000000e-01  1.07852596e-01  1.42032665e-03 
 5.60000000e-01  1.07852604e-01  1.42032664e-03 
 5.62000000e-01  1.07852612e-01  1.42032663e-03 
 5.64000000e-01  1.07852621e-01  1.42032663e-03 
 5.66000000e-01  1.07852629e-01  1.42032662e-03 
 5.68000000e-01  1.07852637e-01  1.42032661e-03 
 5.70000000e-01  1.07852645e-01  1.42032660e-03 
 5.72000000e-01  1.07852654e-01  1.42032659e-03 
 5.74000000e-01  1.07852662e-01  1.42032659e-03 
 5.76000000e-01  1.07852670e-01  1.42032658e-03 
 5.78000000e-01  1.07852678e-01  1.42032657e-03 
 5.80000000e-01  1.07852687e-01  1.42032656e-03 
 5.82000000e-01  1.07852695e-01  1.42032655e-03 
 5.84000000e-01  1.07852703e-01  1.42032655e-03 
 5.86000000e-01  1.07852711e-01  1.42032654e-03 
 5.88000000e-01  1.07852720e-01  1.42032653e-03 
 5.90000000e-01  1.07852728e-01  1.42032652e-03 
 5.92000000e-01  1.07852736e-01  1.42032651e-03 
 5.94000000e-01  1.07852744e-01  1.42032651e-03 
 5.96000000e-01  1.07852753e-01  1.42032650e-03 
 5.98000000e-01  1.07852761e-01  1.42032649e-03 
 6.00000000e-01  1.07852769e-01  1.42032648e-03 
 6.02000000e-01  1.07852777e-01  1.42032647e-03 
 6.04000000e-01  1.07852785e-01  1.42032647e-03 
 6.06000000e-01  1.07852794e-01  1.42032646e-03 
 6.08000000e-01  1.07852802e-01  1.42032645e-03 
 6.10000000e-01  1.07852810e-01  1.42032644e-03 
 6.12000000e-01  1.07852818e-01  1.42032644e-03 
 6.14000000e-01  1.07852827e-01  1.42032643e-03 
 6.16000000e-01  1.07852835e-01  1.42032642e-03 
 6.18000000e-01  1.07852843e-01  1.42032641e-03 
 6.20000000e-01  1.07852851e-01  1.42032640e-03 
 6.22000000e-01  1.07852860e-01  1.42032640e-03 
 6.24000000e-01  1.07852868e-01  1.42032639e-03 
 6.26000000e-01  1.07852876e-01  1.42032638e-03 
 6.28000000e-01  1.07852884e-01  1.42032637e-03 
 6.30000000e-01  1.07852893e-01  1.42032636e-03 
 6.32000000e-01  1.07852901e-01  1.42032636e-03 
 6.34000000e-01  1.07852909e-01  1.42032635e-03 
 6.36000000e-01  1.07852917e-01  1.42032634e-03 
 6.38000000e-01  1.07852926e-01  1.42032633e-03 
 6.40000000e-01  1.07852934e-01  1.42032632e-03 
 6.42000000e-01  1.07852942e-01  1.42032632e-03 
 6.44000000e-01  1.07852950e-01  1.42032631e-03 
 6.46000000e-01  1.07852958e-01  1.42032630e-03 
 6.48000000e-01  1.07852967e-01  1.42032629e-03 
 6.50000000e-01  1.07852975e-01  1.42032628e-03 
 6.52000000e-01  1.07852983e-01  1.42032628e-03 
 6.54000000e-01  1.07852991e-01  1.42032627e-03 
 6.56000000e-01  1.07853000e-01  1.42032626e-03 
 6.58000000e-01  1.07853008e-01  1.42032625e-03 
 6.60000000e-01  1.07853016e-01  1.42032624e-03 
 6.62000000e-01  1.07853024e-01  1.42032624e-03 
 6.64000000e-01  1.07853033e-01  1.42032623e-03 
 6.66000000e-01  1.07853041e-01  1.42032622e-03 
 6.68000000e-01  1.07853049e-01  1.42032621e-03 
 6.70000000e-01  1.07853057e-01  1.42032620e-03 
 6.72000000e-01  1.07853066e-01  1.42032620e-03 
 6.74000000e-01  1.07853074e-01  1.42032619e-03 
 6.76000000e-01  1.07853082e-01  1.42032618e-03 
 6.78000000e-01  1.07853090e-01  1.42032617e-03 
 6.80000000e-01  1.07853099e-01  1.42032617e-03 
 6.82000000e-01  1.07853107e-01  1.42032616e-03 
 6.84000000e-01  1.07853115e-01  1.42032615e-03 
 6.86000000e-01  1.07853123e-01  1.42032614e-03 
 6.88000000e-01  1.07853132e-01  1.42032613e-03 
 6.90000000e-01  1.07853140e-01  1.42032613e-03 
 6.92000000e-01  1.07853148e-01  1.42032612e-03 
 6.94000000e-01  1.07853156e-01  1.42032611e-03 
 6.96000000e-01  1.07853164e-01  1.42032610e-03 
 6.98000000e-01  1.07853173e-01  1.42032609e-03 
 7.00000000e-01  1.07853181e-01  1.42032609e-03 
 7.02000000e-01  1.07853189e-01  1.42032608e-03 
 7.04000000e-01  1.07853197e-01  1.42032607e-03 
 7.06000000e-01  1.07853206e-01  1.42032606e-03 
 7.08000000e-01  1.07853214e-01  1.42032605e-03 
 7.10000000e-01  1.07853222e-01  1.42032605e-03 
 7.12000000e-01  1.07853230e-01  1.42032604e-03 
 7.14000000e-01  1.07853239e-01  1.42032603e-03 
 7.16000000e-01  1.07853247e-01  1.42032602e-03 
 7.18000000e-01  1.07853255e-01  1.42032601e-03 
 7.20000000e-01  1.07853263e-01  1.42032601e-03 
 7.22000000e-01  1.07853272e-01  1.42032600e-03 
 7.24000000e-01  1.07853280e-01  1.42032599e-03 
 7.26000000e-01  1.07853288e-01  1.42032598e-03 
 7.28000000e-01  1.07853296e-01  1.42032597e-03 
 7.30000000e-01  1.07853305e-01  1.42032597e-03 
 7.32000000e-01  1.07853313e-01  1.42032596e-03 
 7.34000000e-01  1.07853321e-01  1.42032595e-03 
 7.36000000e-01  1.07853329e-01  1.42032594e-03 
 7.38000000e-01  1.07853337e-01  1.42032594e-03 
 7.40000000e-01  1.07853346e-01  1.42032593e-03 
 7.42000000e-01  1.07853354e-01  1.42032592e-03 
 7.44000000e-01  1.07853362e-01  1.42032591e-03 
 7.46000000e-01  1.07853370e-01  1.42032590e-03 
 7.48000000e-01  1.07853379e-01  1.42032590e-03 
 7.50000000e-01  1.07853387e-01  1.42032589e-03 
 7.52000000e-01  1.07853395e-01  1.42032588e-03 
 7.54000000e-01  1.07853403e-01  1.42032587e-03 
 7.56000000e-01  1.07853412e-01  1.42032586e-03 
 7.58000000e-01  1.07853420e-01  1.42032586e-03 
 7.60000000e-01  1.07853428e-01  1.42032585e-03 
 7.62000000e-01  1.07853436e-01  1.42032584e-03 
 7.64000000e-01  1.07853445e-01  1.42032583e-03 
 7.66000000e-01  1.07853453e-01  1.42032582e-03 
 7.68000000e-01  1.07853461e-01  1.42032582e-03 
 7.70000000e-01  1.07853469e-01  1.42032581e-03 
 7.72000000e-01  1.07853478e-01  1.42032580e-03 
 7.74000000e-01  1.07853486e-01  1.42032579e-03 
 7.76000000e-01  1.07853494e-01  1.42032578e-03 
 7.78000000e-01  1.07853502e-01  1.42032578e-03 
 7.80000000e-01  1.07853510e-01  1.42032577e-03 
 7.82000000e-01  1.07853519e-01  1.42032576e-03 
 7.84000000e-01  1.07853527e-01  1.42032575e-03 
 7.86000000e-01  1.07853535e-01  1.42032574e-03 
 7.88000000e-01  1.07853543e-01  1.42032574e-03 
 7.90000000e-01  1.07853552e-01  1.42032573e-03 
 7.92000000e-01  1.07853560e-01  1.42032572e-03 
 7.94000000e-01  1.07853568e-01  1.42032571e-03 
 7.96000000e-01  1.07853576e-01  1.42032571e-03 
 7.98000000e-01  1.07853585e-01  1.42032570e-03 
 8.00000000e-01  1.07853593e-01  1.42032569e-03 
 8.02000000e-01  1.07853601e-01  1.42032568e-03 
 8.04000000e-01  1.07853609e-01  1.42032567e-03 
 8.06000000e-01  1.07853618e-01  1.42032567e-03 
 8.08000000e-01  1.07853626e-01  1.42032566e-03 
 8.10000000e-01  1.07853634e-01  1.42032565e-03 
 8.12000000e-01  1.07853642e-01  1.42032564e-03 
 8.14000000e-01  1.07853651e-01  1.42032563e-03 
 8.16000000e-01  1.07853659e-01  1.42032563e-03 
 8.18000000e-01  1.07853667e-01  1.42032562e-03 
 8.20000000e-01  1.07853675e-01  1.42032561e-03 
 8.22000000e-01  1.07853684e-01  1.42032560e-03 
 8.24000000e-01  1.07853692e-01  1.42032559e-03 
 8.26000000e-01  1.07853700e-01  1.42032559e-03 
 8.28000000e-01  1.07853708e-01  1.42032558e-03 
 8.30000000e-01  1.07853716e-01  1.42032557e-03 
 8.32000000e-01  1.07853725e-01  1.42032556e-03 
 8.34000000e-01  1.07853733e-01  1.42032555e-03 
 8.36000000e-01  1.07853741e-01  1.42032555e-03 
 8.38000000e-01  1.07853749e-01  1.42032554e-03 
 8.40000000e-01  1.07853758e-01  1.42032553e-03 
 8.42000000e-01  1.07853766e-01  1.42032552e-03 
 8.44000000e-01  1.07853774e-01  1.42032551e-03 
 8.46000000e-01  1.07853782e-01  1.42032551e-03 
 8.48000000e-01  1.07853791e-01  1.42032550e-03 
 8.50000000e-01  1.07853799e-01  1.42032549e-03 
 8.52000000e-01  1.07853807e-01  1.42032548e-03 
 8.54000000e-01  1.07853815e-01  1.42032548e-03 
 8.56000000e-01  1.07853824e-01  1.42032547e-03 
 8.58000000e-01  1.07853832e-01  1.42032546e-03 
 8.60000000e-01  1.07853840e-01  1.42032545e-03 
 8.62000000e-01  1.07853848e-01  1.42032544e-03 
 8.64000000e-01  1.07853857e-01  1.42032544e-03 
 8.66000000e-01  1.07853865e-01  1.42032543e-03 
 8.68000000e-01  1.07853873e-01  1.42032542e-03 
 8.70000000e-01  1.07853881e-01  1.42032541e-03 
 8.72000000e-01  1.07853889e-01  1.42032540e-03 
 8.74000000e-01  1.07853898e-01  1.42032540e-03 
 8.76000000e-01  1.07853906e-01  1.42032539e-03 
 8.78000000e-01  1.07853914e-01  1.42032538e-03 
 8.80000000e-01  1.07853922e-01  1.42032537e-03 
 8.82000000e-01  1.07853931e-01  1.42032536e-03 
 8.84000000e-01  1.07853939e-01  1.42032536e-03 
 8.86000000e-01  1.07853947e-01  1.42032535e-03 
 8.88000000e-01  1.07853955e-01  1.42032534e-03 
 8.90000000e-01  1.07853964e-01  1.42032533e-03 
 8.92000000e-01  1.07853972e-01  1.42032532e-03 
 8.94000000e-01  1.07853980e-01  1.42032532e-03 
 8.96000000e-01  1.07853988e-01  1.42032531e-03 
 8.98000000e-01  1.07853997e-01  1.42032530e-03 
 9.00000000e-01  1.07854005e-01  1.42032529e-03 
 9.02000000e-01  1.07854013e-01  1.42032528e-03 
 9.04000000e-01  1.07854021e-01  1.42032528e-03 
 9.06000000e-01  1.07854030e-01  1.42032527e-03 
 9.08000000e-01  1.07854038e-01  1.42032526e-03 
 9.10000000e-01  1.07854046e-01  1.42032525e-03 
 9.12000000e-01  1.07854054e-01  1.42032524e-03 
 9.14000000e-01  1.07854062e-01  1.42032524e-03 
 9.16000000e-01  1.07854071e-01  1.42032523e-03 
 9.18000000e-01  1.07854079e-01  1.42032522e-03 
 9.20000000e-01  1.07854087e-01  1.42032521e-03 
 9.22000000e-01  1.07854095e-01  1.42032521e-03 
 9.24000000e-01  1.07854104e-01  1.42032520e-03 
 9.26000000e-01  1.07854112e-01  1.42032519e-03 
 9.28000000e-01  1.07854120e-01  1.42032518e-03 
 9.30000000e-01  1.07854128e-01  1.42032517e-03 
 9.32000000e-01  1.07854137e-01  1.42032517e-03 
 9.34000000e-01  1.07854145e-01  1.42032516e-03 
 9.36000000e-01  1.07854153e-01  1.42032515e-03 
 9.38000000e-01  1.07854161e-01  1.42032514e-03 
 9.40000000e-01  1.07854170e-01  1.42032513e-03 
 9.42000000e-01  1.07854178e-01  1.42032513e-03 
 9.44000000e-01  1.07854186e-01  1.42032512e-03 
 9.46000000e-01  1.07854194e-01  1.42032511e-03 
 9.48000000e-01  1.07854203e-01  1.42032510e-03 
 9.50000000e-01  1.07854211e-01  1.42032509e-03 
 9.52000000e-01  1.07854219e-01  1.42032509e-03 
 9.54000000e-01  1.07854227e-01  1.42032508e-03 
 9.56000000e-01  1.07854236e-01  1.42032507e-03 
 9.58000000e-01  1.07854244e-01  1.42032506e-03 
 9.60000000e-01  1.07854252e-01  1.42032505e-03 
 9.62000000e-01  1.07854260e-01  1.42032505e-03 
 9.64000000e-01  1.07854268e-01  1.42032504e-03 
 9.66000000e-01  1.07854277e-01  1.42032503e-03 
 9.68000000e-01  1.07854285e-01  1.42032502e-03 
 9.70000000e-01  1.07854293e-01  1.42032501e-03 
 9.72000000e-01  1.07854301e-01  1.42032501e-03 
 9.74000000e-01  1.07854310e-01  1.42032500e-03 
 9.76000000e-01  1.07854318e-01  1.42032499e-03 
 9.78000000e-01  1.07854326e-01  1.42032498e-03 
 9.80000000e-01  1.07854334e-01  1.42032498e-03 
 9.82000000e-01  1.07854343e-01  1.42032497e-03 
 9.84000000e-01  1.07854351e-01  1.42032496e-03 
 9.86000000e-01  1.07854359e-01  1.42032495e-03 
 9.88000000e-01  1.07854367e-01  1.42032494e-03 
 9.90000000e-01  1.07854376e-01  1.42032494e-03 
 9.92000000e-01  1.07854384e-01  1.42032493e-03 
 9.94000000e-01  1.07854392e-01  1.42032492e-03 
 9.96000000e-01  1.07854400e-01  1.42032491e-03 
 9.98000000e-01  1.07854409e-01  1.42032490e-03 
 1.00000000e+00  1.07854417e-01  1.42032490e-03 
 1.00200000e+00  1.07854425e-01  1.42032489e-03 
 1.00400000e+00  1.07854433e-01  1.42032488e-03 
 1.00600000e+00  1.07854441e-01  1.42032487e-03 
 1.00800000e+00  1.07854450e-01  1.42032486e-03 
 1.01000000e+00  1.07854458e-01  1.42032486e-03 
 1.01200000e+00  1.07854466e-01  1.42032485e-03 
 1.01400000e+00  1.07854474e-01  1.42032484e-03 
 1.01600000e+00  1.07854483e-01  1.42032483e-03 
 1.01800000e+00  1.07854491e-01  1.42032482e-03 
 1.02000000e+00  1.07854499e-01  1.42032482e-03 
 1.02200000e+00  1.07854507e-01  1.42032481e-03 
 1.02400000e+00  1.07854516e-01  1.42032480e-03 
 1.02600000e+00  1.07854524e-01  1.42032479e-03 
 1.02800000e+00  1.07854532e-01  1.42032478e-03 
 1.03000000e+00  1.07854540e-01  1.42032478e-03 
 1.03200000e+00  1.07854549e-01  1.42032477e-03 
 1.03400000e+00  1.07854557e-01  1.42032476e-03 
 1.03600000e+00  1.07854565e-01  1.42032475e-03 
 1.03800000e+00  1.07854573e-01  1.42032475e-03 
 1.04000000e+00  1.07854582e-01  1.42032474e-03 
 1.04200000e+00  1.07854590e-01  1.42032473e-03 
 1.04400000e+00  1.07854598e-01  1.42032472e-03 
 1.04600000e+00  1.07854606e-01  1.42032471e-03 
 1.04800000e+00  1.07854614e-01  1.42032471e-03 
 1.05000000e+00  1.07854623e-01  1.42032470e-03 
 1.05200000e+00  1.07854631e-01  1.42032469e-03 
 1.05400000e+00  1.07854639e-01  1.42032468e-03 
 1.05600000e+00  1.07854647e-01  1.42032467e-03 
 1.05800000e+00  1.07854656e-01  1.42032467e-03 
 1.06000000e+00  1.07854664e-01  1.42032466e-03 
 1.06200000e+00  1.07854672e-01  1.42032465e-03 
 1.06400000e+00  1.07854680e-01  1.42032464e-03 
 1.06600000e+00  1.07854689e-01  1.42032463e-03 
 1.06800000e+00  1.07854697e-01  1.42032463e-03 
 1.07000000e+00  1.07854705e-01  1.42032462e-03 
 1.07200000e+00  1.07854713e-01  1.42032461e-03 
 1.07400000e+00  1.07854722e-01  1.42032460e-03 
 1.07600000e+00  1.07854730e-01  1.42032459e-03 
 1.07800000e+00  1.07854738e-01  1.42032459e-03 
 1.08000000e+00  1.07854746e-01  1.42032458e-03 
 1.08200000e+00  1.07854755e-01  1.42032457e-03 
 1.08400000e+00  1.07854763e-01  1.42032456e-03 
 1.08600000e+00  1.07854771e-01  1.42032455e-03 
 1.08800000e+00  1.07854779e-01  1.42032455e-03 
 1.09000000e+00  1.07854787e-01  1.42032454e-03 
 1.09200000e+00  1.07854796e-01  1.42032453e-03 
 1.09400000e+00  1.07854804e-01  1.42032452e-03 
 1.09600000e+00  1.07854812e-01  1.42032452e-03 
 1.09800000e+00  1.07854820e-01  1.42032451e-03 
 1.10000000e+00  1.07854829e-01  1.42032450e-03 
 1.10200000e+00  1.07854837e-01  1.42032449e-03 
 1.10400000e+00  1.07854845e-01  1.42032448e-03 
 1.10600000e+00  1.07854853e-01  1.42032448e-03 
 1.10800000e+00  1.07854862e-01  1.42032447e-03 
 1.11000000e+00  1.07854870e-01  1.42032446e-03 
 1.11200000e+00  1.07854878e-01  1.42032445e-03 
 1.11400000e+00  1.07854886e-01  1.42032444e-03 
 1.11600000e+00  1.07854895e-01  1.42032444e-03 
 1.11800000e+00  1.07854903e-01  1.42032443e-03 
 1.12000000e+00  1.07854911e-01  1.42032442e-03 
 1.12200000e+00  1.07854919e-01  1.42032441e-03 
 1.12400000e+00  1.07854928e-01  1.42032440e-03 
 1.12600000e+00  1.07854936e-01  1.42032440e-03 
 1.12800000e+00  1.07854944e-01  1.42032439e-03 
 1.13000000e+00  1.07854952e-01  1.42032438e-03 
 1.13200000e+00  1.07854961e-01  1.42032437e-03 
 1.13400000e+00  1.07854969e-01  1.42032436e-03 
 1.13600000e+00  1.07854977e-01  1.42032436e-03 
 1.13800000e+00  1.07854985e-01  1.42032435e-03 
 1.14000000e+00  1.07854993e-01  1.42032434e-03 
 1.14200000e+00  1.07855002e-01  1.42032433e-03 
 1.14400000e+00  1.07855010e-01  1.42032432e-03 
 1.14600000e+00  1.07855018e-01  1.42032432e-03 
 1.14800000e+00  1.07855026e-01  1.42032431e-03 
 1.15000000e+00  1.07855035e-01  1.42032430e-03 
 1.15200000e+00  1.07855043e-01  1.42032429e-03 
 1.15400000e+00  1.07855051e-01  1.42032428e-03 
 1.15600000e+00  1.07855059e-01  1.42032428e-03 
 1.15800000e+00  1.07855068e-01  1.42032427e-03 
 1.16000000e+00  1.07855076e-01  1.42032426e-03 
 1.16200000e+00  1.07855084e-01  1.42032425e-03 
 1.16400000e+00  1.07855092e-01  1.42032425e-03 
 1.16600000e+00  1.07855101e-01  1.42032424e-03 
 1.16800000e+00  1.07855109e-01  1.42032423e-03 
 1.17000000e+00  1.07855117e-01  1.42032422e-03 
 1.17200000e+00  1.07855125e-01  1.42032421e-03 
 1.17400000e+00  1.07855134e-01  1.42032421e-03 
 1.17600000e+00  1.07855142e-01  1.42032420e-03 
 1.17800000e+00  1.07855150e-01  1.42032419e-03 
 1.18000000e+00  1.07855158e-01  1.42032418e-03 
 1.18200000e+00  1.07855166e-01  1.42032417e-03 
 1.18400000e+00  1.07855175e-01  1.42032417e-03 
 1.18600000e+00  1.07855183e-01  1.42032416e-03 
 1.18800000e+00  1.07855191e-01  1.42032415e-03 
 1.19000000e+00  1.07855199e-01  1.42032414e-03 
 1.19200000e+00  1.07855208e-01  1.42032413e-03 
 1.19400000e+00  1.07855216e-01  1.42032413e-03 
 1.19600000e+00  1.07855224e-01  1.42032412e-03 
 1.19800000e+00  1.07855232e-01  1.42032411e-03 
 1.20000000e+00  1.07855241e-01  1.42032410e-03 
 1.20200000e+00  1.07855249e-01  1.42032409e-03 
 1.20400000e+00  1.07855257e-01  1.42032409e-03 
 1.20600000e+00  1.07855265e-01  1.42032408e-03 
 1.20800000e+00  1.07855274e-01  1.42032407e-03 
 1.21000000e+00  1.07855282e-01  1.42032406e-03 
 1.21200000e+00  1.07855290e-01  1.42032405e-03 
 1.21400000e+00  1.07855298e-01  1.42032405e-03 
 1.21600000e+00  1.07855307e-01  1.42032404e-03 
 1.21800000e+00  1.07855315e-01  1.42032403e-03 
 1.22000000e+00  1.07855323e-01  1.42032402e-03 
 1.22200000e+00  1.07855331e-01  1.42032402e-03 
 1.22400000e+00  1.07855339e-01  1.42032401e-03 
 1.22600000e+00  1.07855348e-01  1.42032400e-03 
 1.22800000e+00  1.07855356e-01  1.42032399e-03 
 1.23000000e+00  1.07855364e-01  1.42032398e-03 
 1.23200000e+00  1.07855372e-01  1.42032398e-03 
 1.23400000e+00  1.07855381e-01  1.42032397e-03 
 1.23600000e+00  1.07855389e-01  1.42032396e-03 
 1.23800000e+00  1.07855397e-01  1.42032395e-03 
 1.24000000e+00  1.07855405e-01  1.42032394e-03 
 1.24200000e+00  1.07855414e-01  1.42032394e-03 
 1.24400000e+00  1.07855422e-01  1.42032393e-03 
 1.24600000e+00  1.07855430e-01  1.42032392e-03 
 1.24800000e+00  1.07855438e-01  1.42032391e-03 
 1.25000000e+00  1.07855447e-01  1.42032390e-03 
 1.25200000e+00  1.07855455e-01  1.42032390e-03 
 1.25400000e+00  1.07855463e-01  1.42032389e-03 
 1.25600000e+00  1.07855471e-01  1.42032388e-03 
 1.25800000e+00  1.07855480e-01  1.42032387e-03 
 1.26000000e+00  1.07855488e-01  1.42032386e-03 
 1.26200000e+00  1.07855496e-01  1.42032386e-03 
 1.26400000e+00  1.07855504e-01  1.42032385e-03 
 1.26600000e+00  1.07855513e-01  1.42032384e-03 
 1.26800000e+00  1.07855521e-01  1.42032383e-03 
 1.27000000e+00  1.07855529e-01  1.42032382e-03 
 1.27200000e+00  1.07855537e-01  1.42032382e-03 
 1.27400000e+00  1.07855545e-01  1.42032381e-03 
 1.27600000e+00  1.07855554e-01  1.42032380e-03 
 1.27800000e+00  1.07855562e-01  1.42032379e-03 
 1.28000000e+00  1.07855570e-01  1.42032379e-03 
 1.28200000e+00  1.07855578e-01  1.42032378e-03 
 1.28400000e+00  1.07855587e-01  1.42032377e-03 
 1.28600000e+00  1.07855595e-01  1.42032376e-03 
 1.28800000e+00  1.07855603e-01  1.42032375e-03 
 1.29000000e+00  1.07855611e-01  1.42032375e-03 
 1.29200000e+00  1.07855620e-01  1.42032374e-03 
 1.29400000e+00  1.07855628e-01  1.42032373e-03 
 1.29600000e+00  1.07855636e-01  1.42032372e-03 
 1.29800000e+00  1.07855644e-01  1.42032371e-03 
 1.30000000e+00  1.07855653e-01  1.42032371e-03 
 1.30200000e+00  1.07855661e-01  1.42032370e-03 
 1.30400000e+00  1.07855669e-01  1.42032369e-03 
 1.30600000e+00  1.07855677e-01  1.42032368e-03 
 1.30800000e+00  1.07855686e-01  1.42032367e-03 
 1.31000000e+00  1.07855694e-01  1.42032367e-03 
 1.31200000e+00  1.07855702e-01  1.42032366e-03 
 1.31400000e+00  1.07855710e-01  1.42032365e-03 
 1.31600000e+00  1.07855718e-01  1.42032364e-03 
 1.31800000e+00  1.07855727e-01  1.42032363e-03 
 1.32000000e+00  1.07855735e-01  1.42032363e-03 
 1.32200000e+00  1.07855743e-01  1.42032362e-03 
 1.32400000e+00  1.07855751e-01  1.42032361e-03 
 1.32600000e+00  1.07855760e-01  1.42032360e-03 
 1.32800000e+00  1.07855768e-01  1.42032359e-03 
 1.33000000e+00  1.07855776e-01  1.42032359e-03 
 1.33200000e+00  1.07855784e-01  1.42032358e-03 
 1.33400000e+00  1.07855793e-01  1.42032357e-03 
 1.33600000e+00  1.07855801e-01  1.42032356e-03 
 1.33800000e+00  1.07855809e-01  1.42032356e-03 
 1.34000000e+00  1.07855817e-01  1.42032355e-03 
 1.34200000e+00  1.07855826e-01  1.42032354e-03 
 1.34400000e+00  1.07855834e-01  1.42032353e-03 
 1.34600000e+00  1.07855842e-01  1.42032352e-03 
 1.34800000e+00  1.07855850e-01  1.42032352e-03 
 1.35000000e+00  1.07855859e-01  1.42032351e-03 
 1.35200000e+00  1.07855867e-01  1.42032350e-03 
 1.35400000e+00  1.07855875e-01  1.42032349e-03 
 1.35600000e+00  1.07855883e-01  1.42032348e-03 
 1.35800000e+00  1.07855891e-01  1.42032348e-03 
 1.36000000e+00  1.07855900e-01  1.42032347e-03 
 1.36200000e+00  1.07855908e-01  1.42032346e-03 
 1.36400000e+00  1.07855916e-01  1.42032345e-03 
 1.36600000e+00  1.07855924e-01  1.42032344e-03 
 1.36800000e+00  1.07855933e-01  1.42032344e-03 
 1.37000000e+00  1.07855941e-01  1.42032343e-03 
 1.37200000e+00  1.07855949e-01  1.42032342e-03 
 1.37400000e+00  1.07855957e-01  1.42032341e-03 
 1.37600000e+00  1.07855966e-01  1.42032340e-03 
 1.37800000e+00  1.07855974e-01  1.42032340e-03 
 1.38000000e+00  1.07855982e-01  1.42032339e-03 
 1.38200000e+00  1.07855990e-01  1.42032338e-03 
 1.38400000e+00  1.07855999e-01  1.42032337e-03 
 1.38600000e+00  1.07856007e-01  1.42032336e-03 
 1.38800000e+00  1.07856015e-01  1.42032336e-03 
 1.39000000e+00  1.07856023e-01  1.42032335e-03 
 1.39200000e+00  1.07856032e-01  1.42032334e-03 
 1.39400000e+00  1.07856040e-01  1.42032333e-03 
 1.39600000e+00  1.07856048e-01  1.42032332e-03 
 1.39800000e+00  1.07856056e-01  1.42032332e-03 
 1.40000000e+00  1.07856065e-01  1.42032331e-03 
 1.40200000e+00  1.07856073e-01  1.42032330e-03 
 1.40400000e+00  1.07856081e-01  1.42032329e-03 
 1.40600000e+00  1.07856089e-01  1.42032329e-03 
 1.40800000e+00  1.07856097e-01  1.42032328e-03 
 1.41000000e+00  1.07856106e-01  1.42032327e-03 
 1.41200000e+00  1.07856114e-01  1.42032326e-03 
 1.41400000e+00  1.07856122e-01  1.42032325e-03 
 1.41600000e+00  1.07856130e-01  1.42032325e-03 
 1.41800000e+00  1.07856139e-01  1.42032324e-03 
 1.42000000e+00  1.07856147e-01  1.42032323e-03 
 1.42200000e+00  1.07856155e-01  1.42032322e-03 
 1.42400000e+00  1.07856163e-01  1.42032321e-03 
 1.42600000e+00  1.07856172e-01  1.42032321e-03 
 1.42800000e+00  1.07856180e-01  1.42032320e-03 
 1.43000000e+00  1.07856188e-01  1.42032319e-03 
 1.43200000e+00  1.07856196e-01  1.42032318e-03 
 1.43400000e+00  1.07856205e-01  1.42032317e-03 
 1.43600000e+00  1.07856213e-01  1.42032317e-03 
 1.43800000e+00  1.07856221e-01  1.42032316e-03 
 1.44000000e+00  1.07856229e-01  1.42032315e-03 
 1.44200000e+00  1.07856238e-01  1.42032314e-03 
 1.44400000e+00  1.07856246e-01  1.42032313e-03 
 1.44600000e+00  1.07856254e-01  1.42032313e-03 
 1.44800000e+00  1.07856262e-01  1.42032312e-03 
 1.45000000e+00  1.07856270e-01  1.42032311e-03 
 1.45200000e+00  1.07856279e-01  1.42032310e-03 
 1.45400000e+00  1.07856287e-01  1.42032309e-03 
 1.45600000e+00  1.07856295e-01  1.42032309e-03 
 1.45800000e+00  1.07856303e-01  1.42032308e-03 
 1.46000000e+00  1.07856312e-01  1.42032307e-03 
 1.46200000e+00  1.07856320e-01  1.42032306e-03 
 1.46400000e+00  1.07856328e-01  1.42032306e-03 
 1.46600000e+00  1.07856336e-01  1.42032305e-03 
 1.46800000e+00  1.07856345e-01  1.42032304e-03 
 1.47000000e+00  1.07856353e-01  1.42032303e-03 
 1.47200000e+00  1.07856361e-01  1.42032302e-03 
 1.47400000e+00  1.07856369e-01  1.42032302e-03 
 1.47600000e+00  1.07856378e-01  1.42032301e-03 
 1.47800000e+00  1.07856386e-01  1.42032300e-03 
 1.48000000e+00  1.07856394e-01  1.42032299e-03 
 1.48200000e+00  1.07856402e-01  1.42032298e-03 
 1.48400000e+00  1.07856411e-01  1.42032298e-03 
 1.48600000e+00  1.07856419e-01  1.42032297e-03 
 1.48800000e+00  1.07856427e-01  1.42032296e-03 
 1.49000000e+00  1.07856435e-01  1.42032295e-03 
 1.49200000e+00  1.07856443e-01  1.42032294e-03 
 1.49400000e+00  1.07856452e-01  1.42032294e-03 
 1.49600000e+00  1.07856460e-01  1.42032293e-03 
 1.49800000e+00  1.07856468e-01  1.42032292e-03 
 1.50000000e+00  1.07856476e-01  1.42032291e-03 
 1.50200000e+00  1.07856485e-01  1.42032290e-03 
 1.50400000e+00  1.07856493e-01  1.42032290e-03 
 1.50600000e+00  1.07856501e-01  1.42032289e-03 
 1.50800000e+00  1.07856509e-01  1.42032288e-03 
 1.51000000e+00  1.07856518e-01  1.42032287e-03 
 1.51200000e+00  1.07856526e-01  1.42032286e-03 
 1.51400000e+00  1.07856534e-01  1.42032286e-03 
 1.51600000e+00  1.07856542e-01  1.42032285e-03 
 1.51800000e+00  1.07856551e-01  1.42032284e-03 
 1.52000000e+00  1.07856559e-01  1.42032283e-03 
 1.52200000e+00  1.07856567e-01  1.42032283e-03 
 1.52400000e+00  1.07856575e-01  1.42032282e-03 
 1.52600000e+00  1.07856584e-01  1.42032281e-03 
 1.52800000e+00  1.07856592e-01  1.42032280e-03 
 1.53000000e+00  1.07856600e-01  1.42032279e-03 
 1.53200000e+00  1.07856608e-01  1.42032279e-03 
 1.53400000e+00  1.07856617e-01  1.42032278e-03 
 1.53600000e+00  1.07856625e-01  1.42032277e-03 
 1.53800000e+00  1.07856633e-01  1.42032276e-03 
 1.54000000e+00  1.07856641e-01  1.42032275e-03 
 1.54200000e+00  1.07856649e-01  1.42032275e-03 
 1.54400000e+00  1.07856658e-01  1.42032274e-03 
 1.54600000e+00  1.07856666e-01  1.42032273e-03 
 1.54800000e+00  1.07856674e-01  1.42032272e-03 
 1.55000000e+00  1.07856682e-01  1.42032271e-03 
 1.55200000e+00  1.07856691e-01  1.42032271e-03 
 1.55400000e+00  1.07856699e-01  1.42032270e-03 
 1.55600000e+00  1.07856707e-01  1.42032269e-03 
 1.55800000e+00  1.07856715e-01  1.42032268e-03 
 1.56000000e+00  1.07856724e-01  1.42032267e-03 
 1.56200000e+00  1.07856732e-01  1.42032267e-03 
 1.56400000e+00  1.07856740e-01  1.42032266e-03 
 1.56600000e+00  1.07856748e-01  1.42032265e-03 
 1.56800000e+00  1.07856757e-01  1.42032264e-03 
 1.57000000e+00  1.07856765e-01  1.42032263e-03 
 1.57200000e+00  1.07856773e-01  1.42032263e-03 
 1.57400000e+00  1.07856781e-01  1.42032262e-03 
 1.57600000e+00  1.07856790e-01  1.42032261e-03 
 1.57800000e+00  1.07856798e-01  1.42032260e-03 
 1.58000000e+00  1.07856806e-01  1.42032260e-03 
 1.58200000e+00  1.07856814e-01  1.42032259e-03 
 1.58400000e+00  1.07856822e-01  1.42032258e-03 
 1.58600000e+00  1.07856831e-01  1.42032257e-03 
 1.58800000e+00  1.07856839e-01  1.42032256e-03 
 1.59000000e+00  1.07856847e-01  1.42032256e-03 
 1.59200000e+00  1.07856855e-01  1.42032255e-03 
 1.59400000e+00  1.07856864e-01  1.42032254e-03 
 1.59600000e+00  1.07856872e-01  1.42032253e-03 
 1.59800000e+00  1.07856880e-01  1.42032252e-03 
 1.60000000e+00  1.07856888e-01  1.42032252e-03 
 1.60200000e+00  1.07856897e-01  1.42032251e-03 
 1.60400000e+00  1.07856905e-01  1.42032250e-03 
 1.60600000e+00  1.07856913e-01  1.42032249e-03 
 1.60800000e+00  1.07856921e-01  1.42032248e-03 
 1.61000000e+00  1.07856930e-01  1.42032248e-03 
 1.61200000e+00  1.07856938e-01  1.42032247e-03 
 1.61400000e+00  1.07856946e-01  1.42032246e-03 
 1.61600000e+00  1.07856954e-01  1.42032245e-03 
 1.61800000e+00  1.07856963e-01  1.42032244e-03 
 1.62000000e+00  1.07856971e-01  1.42032244e-03 
 1.62200000e+00  1.07856979e-01  1.42032243e-03 
 1.62400000e+00  1.07856987e-01  1.42032242e-03 
 1.62600000e+00  1.07856995e-01  1.42032241e-03 
 1.62800000e+00  1.07857004e-01  1.42032240e-03 
 1.63000000e+00  1.07857012e-01  1.42032240e-03 
 1.63200000e+00  1.07857020e-01  1.42032239e-03 
 1.63400000e+00  1.07857028e-01  1.42032238e-03 
 1.63600000e+00  1.07857037e-01  1.42032237e-03 
 1.63800000e+00  1.07857045e-01  1.42032236e-03 
 1.64000000e+00  1.07857053e-01  1.42032236e-03 
 1.64200000e+00  1.07857061e-01  1.42032235e-03 
 1.64400000e+00  1.07857070e-01  1.42032234e-03 
 1.64600000e+00  1.07857078e-01  1.42032233e-03 
 1.64800000e+00  1.07857086e-01  1.42032233e-03 
 1.65000000e+00  1.07857094e-01  1.42032232e-03 
 1.65200000e+00  3.29417102e+00  6.30162589e-16 
 1.65400000e+00  3.29417244e+00  7.70494779e-16 
 1.65600000e+00  3.29417385e+00  6.30162589e-16 
 1.65800000e+00  3.29417527e+00  6.29718500e-16 
 1.66000000e+00  3.29417668e+00  6.29718500e-16 
 1.66200000e+00  3.29417809e+00  6.29718500e-16 
 1.66400000e+00  3.29417951e+00  6.29718500e-16 
 1.66600000e+00  3.29418092e+00  6.29274410e-16 
 1.66800000e+00  3.29418233e+00  6.29274410e-16 
 1.67000000e+00  3.29418375e+00  6.29274410e-16 
 1.67200000e+00  3.29418516e+00  6.28830321e-16 
 1.67400000e+00  3.29418657e+00  6.28830321e-16 
 1.67600000e+00  3.29418799e+00  6.28830321e-16 
 1.67800000e+00  3.29418940e+00  6.28386232e-16 
 1.68000000e+00  3.29419081e+00  6.28386232e-16 
 1.68200000e+00  3.29419223e+00  6.28386232e-16 
 1.68400000e+00  3.29419364e+00  6.27942143e-16 
 1.68600000e+00  3.29419505e+00  6.27942143e-16 
 1.68800000e+00  3.29419647e+00  6.27942143e-16 
 1.69000000e+00  3.29419788e+00  6.27942143e-16 
 1.69200000e+00  3.29419929e+00  6.27498054e-16 
 1.69400000e+00  3.29420071e+00  6.27498054e-16 
 1.69600000e+00  3.29420212e+00  6.27498054e-16 
 1.69800000e+00  3.29420353e+00  6.27053964e-16 
 1.70000000e+00  3.29420495e+00  6.27053964e-16 
 1.70200000e+00  3.29420636e+00  6.27053964e-16 
 1.70400000e+00  3.29420777e+00  6.26609875e-16 
 1.70600000e+00  3.29420919e+00  6.26609875e-16 
 1.70800000e+00  3.29421060e+00  6.26609875e-16 
 1.71000000e+00  3.29421201e+00  6.26165786e-16 
 1.71200000e+00  3.29421343e+00  6.26165786e-16 
 1.71400000e+00  3.29421484e+00  6.26165786e-16 
 1.71600000e+00  3.29421625e+00  6.25721697e-16 
 1.71800000e+00  3.29421767e+00  6.25721697e-16 
 1.72000000e+00  3.29421908e+00  6.25721697e-16 
 1.72200000e+00  3.29422049e+00  6.25721697e-16 
 1.72400000e+00  3.29422191e+00  6.25277607e-16 
 1.72600000e+00  3.29422332e+00  6.25277607e-16 
 1.72800000e+00  3.29422474e+00  6.25277607e-16 
 1.73000000e+00  3.29422615e+00  6.24833518e-16 
 1.73200000e+00  3.29422756e+00  6.24833518e-16 
 1.73400000e+00  3.29422898e+00  6.24833518e-16 
 1.73600000e+00  3.29423039e+00  6.24389429e-16 
 1.73800000e+00  3.29423180e+00  6.24389429e-16 
 1.74000000e+00  3.29423322e+00  6.24389429e-16 
 1.74200000e+00  3.29423463e+00  6.23945340e-16 
 1.74400000e+00  3.29423604e+00  6.23945340e-16 
 1.74600000e+00  3.29423746e+00  6.23945340e-16 
 1.74800000e+00  3.29423887e+00  6.23945340e-16 
 1.75000000e+00  3.29424028e+00  6.23501251e-16 
 1.75200000e+00  3.29424170e+00  6.23501251e-16 
 1.75400000e+00  3.29424311e+00  6.23501251e-16 
 1.75600000e+00  3.29424452e+00  6.23057161e-16 
 1.75800000e+00  3.29424594e+00  6.23057161e-16 
 1.76000000e+00  3.29424735e+00  6.23057161e-16 
 1.76200000e+00  3.29424876e+00  6.22613072e-16 
 1.76400000e+00  3.29425018e+00  6.22613072e-16 
 1.76600000e+00  3.29425159e+00  6.22613072e-16 
 1.76800000e+00  3.29425300e+00  6.22168983e-16 
 1.77000000e+00  3.29425442e+00  6.22168983e-16 
 1.77200000e+00  3.29425583e+00  6.22168983e-16 
 1.77400000e+00  3.29425724e+00  6.22168983e-16 
 1.77600000e+00  3.29425866e+00  6.21724894e-16 
 1.77800000e+00  3.29426007e+00  6.21724894e-16 
 1.78000000e+00  3.29426148e+00  6.21724894e-16 
 1.78200000e+00  3.29426290e+00  6.21280805e-16 
 1.78400000e+00  3.29426431e+00  6.21280805e-16 
 1.78600000e+00  3.29426572e+00  6.21280805e-16 
 1.78800000e+00  3.29426714e+00  6.20836715e-16 
 1.79000000e+00  3.29426855e+00  6.20836715e-16 
 1.79200000e+00  3.29426996e+00  6.20836715e-16 
 1.79400000e+00  3.29427138e+00  6.20392626e-16 
 1.79600000e+00  3.29427279e+00  6.20392626e-16 
 1.79800000e+00  3.29427421e+00  6.20392626e-16 
 1.80000000e+00  3.29427562e+00  6.19948537e-16 
 1.80200000e+00  3.29427703e+00  6.19948537e-16 
 1.80400000e+00  3.29427845e+00  6.19948537e-16 
 1.80600000e+00  3.29427986e+00  6.19948537e-16 
 1.80800000e+00  3.29428127e+00  6.19504448e-16 
 1.81000000e+00  3.29428269e+00  6.19504448e-16 
 1.81200000e+00  3.29428410e+00  6.19504448e-16 
 1.81400000e+00  3.29428551e+00  6.19060359e-16 
 1.81600000e+00  3.29428693e+00  6.19060359e-16 
 1.81800000e+00  3.29428834e+00  6.19060359e-16 
 1.82000000e+00  3.29428975e+00  6.18616269e-16 
 1.82200000e+00  3.29429117e+00  6.18616269e-16 
 1.82400000e+00  3.29429258e+00  6.18616269e-16 
 1.82600000e+00  3.29429399e+00  6.18172180e-16 
 1.82800000e+00  3.29429541e+00  6.18172180e-16 
 1.83000000e+00  3.29429682e+00  6.18172180e-16 
 1.83200000e+00  3.29429823e+00  6.18172180e-16 
 1.83400000e+00  3.29429965e+00  6.17728091e-16 
 1.83600000e+00  3.29430106e+00  6.17728091e-16 
 1.83800000e+00  3.29430247e+00  6.17728091e-16 
 1.84000000e+00  3.29430389e+00  6.17284002e-16 
 1.84200000e+00  3.29430530e+00  6.17284002e-16 
 1.84400000e+00  3.29430671e+00  6.17284002e-16 
 1.84600000e+00  3.29430813e+00  6.16839912e-16 
 1.84800000e+00  3.29430954e+00  6.16839912e-16 
 1.85000000e+00  3.29431095e+00  6.16839912e-16 
 1.85200000e+00  3.29431237e+00  6.16395823e-16 
 1.85400000e+00  3.29431378e+00  6.16395823e-16 
 1.85600000e+00  3.29431519e+00  6.16395823e-16 
 1.85800000e+00  3.29431661e+00  6.15951734e-16 
 1.86000000e+00  3.29431802e+00  6.15951734e-16 
 1.86200000e+00  3.29431943e+00  6.15951734e-16 
 1.86400000e+00  3.29432085e+00  6.15951734e-16 
 1.86600000e+00  3.29432226e+00  6.15507645e-16 
 1.86800000e+00  3.29432368e+00  6.15507645e-16 
 1.87000000e+00  3.29432509e+00  6.15507645e-16 
 1.87200000e+00  3.29432650e+00  6.15063556e-16 
 1.87400000e+00  3.29432792e+00  6.15063556e-16 
 1.87600000e+00  3.29432933e+00  6.15063556e-16 
 1.87800000e+00  3.29433074e+00  6.14619466e-16 
 1.88000000e+00  3.29433216e+00  6.14619466e-16 
 1.88200000e+00  3.29433357e+00  6.14619466e-16 
 1.88400000e+00  3.29433498e+00  6.14175377e-16 
 1.88600000e+00  3.29433640e+00  6.14175377e-16 
 1.88800000e+00  3.29433781e+00  6.14175377e-16 
 1.89000000e+00  3.29433922e+00  6.14175377e-16 
 1.89200000e+00  3.29434064e+00  6.13731288e-16 
 1.89400000e+00  3.29434205e+00  6.13731288e-16 
 1.89600000e+00  3.29434346e+00  6.13731288e-16 
 1.89800000e+00  3.29434488e+00  6.13287199e-16 
 1.90000000e+00  3.29434629e+00  6.13287199e-16 
 1.90200000e+00  3.29434770e+00  6.13287199e-16 
 1.90400000e+00  3.29434912e+00  6.12843110e-16 
 1.90600000e+00  3.29435053e+00  6.12843110e-16 
 1.90800000e+00  3.29435194e+00  6.12843110e-16 
 1.91000000e+00  3.29435336e+00  6.12399020e-16 
 1.91200000e+00  3.29435477e+00  6.12399020e-16 
 1.91400000e+00  3.29435618e+00  6.12399020e-16 
 1.91600000e+00  3.29435760e+00  6.11954931e-16 
 1.91800000e+00  3.29435901e+00  6.11954931e-16 
 1.92000000e+00  3.29436042e+00  6.11954931e-16 
 1.92200000e+00  3.29436184e+00  6.11954931e-16 
 1.92400000e+00  3.29436325e+00  6.11510842e-16 
 1.92600000e+00  3.29436466e+00  6.11510842e-16 
 1.92800000e+00  3.29436608e+00  6.11510842e-16 
 1.93000000e+00  3.29436749e+00  6.11066753e-16 
 1.93200000e+00  3.29436890e+00  6.11066753e-16 
 1.93400000e+00  3.29437032e+00  6.11066753e-16 
 1.93600000e+00  3.29437173e+00  6.10622664e-16 
 1.93800000e+00  3.29437315e+00  6.10622664e-16 
 1.94000000e+00  3.29437456e+00  6.10622664e-16 
 1.94200000e+00  3.29437597e+00  6.10178574e-16 
 1.94400000e+00  3.29437739e+00  6.10178574e-16 
 1.94600000e+00  3.29437880e+00  6.10178574e-16 
 1.94800000e+00  3.29438021e+00  6.10178574e-16 
 1.95000000e+00  3.29438163e+00  6.09734485e-16 
 1.95200000e+00  3.29438304e+00  6.09734485e-16 
 1.95400000e+00  3.29438445e+00  6.09734485e-16 
 1.95600000e+00  3.29438587e+00  6.09290396e-16 
 1.95800000e+00  3.29438728e+00  6.09290396e-16 
 1.96000000e+00  3.29438869e+00  6.09290396e-16 
 1.96200000e+00  3.29439011e+00  6.08846307e-16 
 1.96400000e+00  3.29439152e+00  6.08846307e-16 
 1.96600000e+00  3.29439293e+00  6.08846307e-16 
 1.96800000e+00  3.29439435e+00  6.08402217e-16 
 1.97000000e+00  3.29439576e+00  6.08402217e-16 
 1.97200000e+00  3.29439717e+00  6.08402217e-16 
 1.97400000e+00  3.29439859e+00  6.07958128e-16 
 1.97600000e+00  3.29440000e+00  6.07958128e-16 
 1.97800000e+00  3.29440141e+00  6.07958128e-16 
 1.98000000e+00  3.29440283e+00  6.07958128e-16 
 1.98200000e+00  3.29440424e+00  6.07514039e-16 
 1.98400000e+00  3.29440565e+00  6.07514039e-16 
 1.98600000e+00  3.29440707e+00  6.07514039e-16 
 1.98800000e+00  3.29440848e+00  6.07069950e-16 
 1.99000000e+00  3.29440989e+00  6.07069950e-16 
 1.99200000e+00  3.29441131e+00  6.07069950e-16 
 1.99400000e+00  3.29441272e+00  6.06625861e-16 
 1.99600000e+00  3.29441413e+00  6.06625861e-16 
 1.99800000e+00  3.29441555e+00  6.06625861e-16 
 2.00000000e+00  3.29441696e+00  6.06181771e-16 
 2.00200000e+00  3.29441837e+00  6.06181771e-16 
 2.00400000e+00  3.29441979e+00  6.06181771e-16 
 2.00600000e+00  3.29442120e+00  6.06181771e-16 
 2.00800000e+00  3.29442262e+00  6.05737682e-16 
 2.01000000e+00  3.29442403e+00  6.05737682e-16 
 2.01200000e+00  3.29442544e+00  6.05737682e-16 
 2.01400000e+00  3.29442686e+00  6.05293593e-16 
 2.01600000e+00  3.29442827e+00  6.05293593e-16 
 2.01800000e+00  3.29442968e+00  6.05293593e-16 
 2.02000000e+00  3.29443110e+00  6.04849504e-16 
 2.02200000e+00  3.29443251e+00  6.04849504e-16 
 2.02400000e+00  3.29443392e+00  6.04849504e-16 
 2.02600000e+00  3.29443534e+00  6.04405415e-16 
 2.02800000e+00  3.29443675e+00  6.04405415e-16 
 2.03000000e+00  3.29443816e+00  6.04405415e-16 
 2.03200000e+00  3.29443958e+00  6.03961325e-16 
 2.03400000e+00  3.29444099e+00  6.03961325e-16 
 2.03600000e+00  3.29444240e+00  6.03961325e-16 
 2.03800000e+00  3.29444382e+00  6.03961325e-16 
 2.04000000e+00  3.29444523e+00  6.03517236e-16 
 2.04200000e+00  3.29444664e+00  6.03517236e-16 
 2.04400000e+00  3.29444806e+00  6.03517236e-16 
 2.04600000e+00  3.29444947e+00  6.03073147e-16 
 2.04800000e+00  3.29445088e+00  6.03073147e-16 
 2.05000000e+00  3.29445230e+00  6.03073147e-16 
 2.05200000e+00  3.29445371e+00  6.02629058e-16 
 2.05400000e+00  3.29445512e+00  6.02629058e-16 
 2.05600000e+00  3.29445654e+00  6.02629058e-16 
 2.05800000e+00  3.29445795e+00  6.02184969e-16 
 2.06000000e+00  3.29445936e+00  6.02184969e-16 
 2.06200000e+00  3.29446078e+00  6.02184969e-16 
 2.06400000e+00  3.29446219e+00  6.02184969e-16 
 2.06600000e+00  3.29446360e+00  6.01740879e-16 
 2.06800000e+00  3.29446502e+00  6.01740879e-16 
 2.07000000e+00  3.29446643e+00  6.01740879e-16 
 2.07200000e+00  3.29446784e+00  6.01296790e-16 
 2.07400000e+00  3.29446926e+00  6.01296790e-16 
 2.07600000e+00  3.29447067e+00  6.01296790e-16 
 2.07800000e+00  3.29447208e+00  6.00852701e-16 
 2.08000000e+00  3.29447350e+00  6.00852701e-16 
 2.08200000e+00  3.29447491e+00  6.00852701e-16 
 2.08400000e+00  3.29447633e+00  6.00408612e-16 
 2.08600000e+00  3.29447774e+00  6.00408612e-16 
 2.08800000e+00  3.29447915e+00  6.00408612e-16 
 2.09000000e+00  3.29448057e+00  5.99964523e-16 
 2.09200000e+00  3.29448198e+00  5.99964523e-16 
 2.09400000e+00  3.29448339e+00  5.99964523e-16 
 2.09600000e+00  3.29448481e+00  5.99964523e-16 
 2.09800000e+00  3.29448622e+00  5.99520433e-16 
 2.10000000e+00  3.29448763e+00  5.99520433e-16 
 2.10200000e+00  3.29448905e+00  5.99520433e-16 
 2.10400000e+00  3.29449046e+00  5.99076344e-16 
 2.10600000e+00  3.29449187e+00  5.99076344e-16 
 2.10800000e+00  3.29449329e+00  5.99076344e-16 
 2.11000000e+00  3.29449470e+00  5.98632255e-16 
 2.11200000e+00  3.29449611e+00  5.98632255e-16 
 2.11400000e+00  3.29449753e+00  5.98632255e-16 
 2.11600000e+00  3.29449894e+00  5.98188166e-16 
 2.11800000e+00  3.29450035e+00  5.98188166e-16 
 2.12000000e+00  3.29450177e+00  5.98188166e-16 
 2.12200000e+00  3.29450318e+00  5.98188166e-16 
 2.12400000e+00  3.29450459e+00  5.97744076e-16 
 2.12600000e+00  3.29450601e+00  5.97744076e-16 
 2.12800000e+00  3.29450742e+00  5.97744076e-16 
 2.13000000e+00  3.29450883e+00  5.97299987e-16 
 2.13200000e+00  3.29451025e+00  5.97299987e-16 
 2.13400000e+00  3.29451166e+00  5.97299987e-16 
 2.13600000e+00  3.29451307e+00  5.96855898e-16 
 2.13800000e+00  3.29451449e+00  5.96855898e-16 
 2.14000000e+00  3.29451590e+00  5.96855898e-16 
 2.14200000e+00  3.29451731e+00  5.96411809e-16 
 2.14400000e+00  3.29451873e+00  5.96411809e-16 
 2.14600000e+00  3.29452014e+00  5.96411809e-16 
 2.14800000e+00  3.29452155e+00  5.95967720e-16 
 2.15000000e+00  3.29452297e+00  5.95967720e-16 
 2.15200000e+00  3.29452438e+00  5.95967720e-16 
 2.15400000e+00  3.29452580e+00  5.95967720e-16 
 2.15600000e+00  3.29452721e+00  5.95523630e-16 
 2.15800000e+00  3.29452862e+00  5.95523630e-16 
 2.16000000e+00  3.29453004e+00  5.95523630e-16 
 2.16200000e+00  3.29453145e+00  5.95079541e-16 
 2.16400000e+00  3.29453286e+00  5.95079541e-16 
 2.16600000e+00  3.29453428e+00  5.95079541e-16 
 2.16800000e+00  3.29453569e+00  5.94635452e-16 
 2.17000000e+00  3.29453710e+00  5.94635452e-16 
 2.17200000e+00  3.29453852e+00  5.94635452e-16 
 2.17400000e+00  3.29453993e+00  5.94191363e-16 
 2.17600000e+00  3.29454134e+00  5.94191363e-16 
 2.17800000e+00  3.29454276e+00  5.94191363e-16 
 2.18000000e+00  3.29454417e+00  5.94191363e-16 
 2.18200000e+00  3.29454558e+00  5.93747274e-16 
 2.18400000e+00  3.29454700e+00  5.93747274e-16 
 2.18600000e+00  3.29454841e+00  5.93747274e-16 
 2.18800000e+00  3.29454982e+00  5.93303184e-16 
 2.19000000e+00  3.29455124e+00  5.93303184e-16 
 2.19200000e+00  3.29455265e+00  5.93303184e-16 
 2.19400000e+00  3.29455406e+00  5.92859095e-16 
 2.19600000e+00  3.29455548e+00  5.92859095e-16 
 2.19800000e+00  3.29455689e+00  5.92859095e-16 
 2.20000000e+00  3.29455830e+00  5.92415006e-16 
 2.20200000e+00  3.29455972e+00  5.92415006e-16 
 2.20400000e+00  3.29456113e+00  5.92415006e-16 
 2.20600000e+00  3.29456254e+00  5.91970917e-16 
 2.20800000e+00  3.29456396e+00  5.91970917e-16 
 2.21000000e+00  3.29456537e+00  5.91970917e-16 
 2.21200000e+00  3.29456678e+00  5.91970917e-16 
 2.21400000e+00  3.29456820e+00  5.91526828e-16 
 2.21600000e+00  3.29456961e+00  5.91526828e-16 
 2.21800000e+00  3.29457102e+00  5.91526828e-16 
 2.22000000e+00  3.29457244e+00  5.91082738e-16 
 2.22200000e+00  3.29457385e+00  5.91082738e-16 
 2.22400000e+00  3.29457527e+00  5.91082738e-16 
 2.22600000e+00  3.29457668e+00  5.90638649e-16 
 2.22800000e+00  3.29457809e+00  5.90638649e-16 
 2.23000000e+00  3.29457951e+00  5.90638649e-16 
 2.23200000e+00  3.29458092e+00  5.90194560e-16 
 2.23400000e+00  3.29458233e+00  5.90194560e-16 
 2.23600000e+00  3.29458375e+00  5.90194560e-16 
 2.23800000e+00  3.29458516e+00  5.90194560e-16 
 2.24000000e+00  3.29458657e+00  5.89750471e-16 
 2.24200000e+00  3.29458799e+00  5.89750471e-16 
 2.24400000e+00  3.29458940e+00  5.89750471e-16 
 2.24600000e+00  3.29459081e+00  5.89306381e-16 
 2.24800000e+00  3.29459223e+00  5.89306381e-16 
 2.25000000e+00  3.29459364e+00  5.89306381e-16 
 2.25200000e+00  3.29459505e+00  5.88862292e-16 
 2.25400000e+00  3.29459647e+00  5.88862292e-16 
 2.25600000e+00  3.29459788e+00  5.88862292e-16 
 2.25800000e+00  3.29459929e+00  5.88418203e-16 
 2.26000000e+00  3.29460071e+00  5.88418203e-16 
 2.26200000e+00  3.29460212e+00  5.88418203e-16 
 2.26400000e+00  3.29460353e+00  5.87974114e-16 
 2.26600000e+00  3.29460495e+00  5.87974114e-16 
 2.26800000e+00  3.29460636e+00  5.87974114e-16 
 2.27000000e+00  3.29460777e+00  5.87974114e-16 
 2.27200000e+00  3.29460919e+00  5.87530025e-16 
 2.27400000e+00  3.29461060e+00  5.87530025e-16 
 2.27600000e+00  3.29461201e+00  5.87530025e-16 
 2.27800000e+00  3.29461343e+00  5.87085935e-16 
 2.28000000e+00  3.29461484e+00  5.87085935e-16 
 2.28200000e+00  3.29461625e+00  5.87085935e-16 
 2.28400000e+00  3.29461767e+00  5.86641846e-16 
 2.28600000e+00  3.29461908e+00  5.86641846e-16 
 2.28800000e+00  3.29462049e+00  5.86641846e-16 
 2.29000000e+00  3.29462191e+00  5.86197757e-16 
 2.29200000e+00  3.29462332e+00  5.86197757e-16 
 2.29400000e+00  3.29462474e+00  5.86197757e-16 
 2.29600000e+00  3.29462615e+00  5.86197757e-16 
 2.29800000e+00  3.29462756e+00  5.85753668e-16 
 2.30000000e+00  3.29462898e+00  5.85753668e-16 
 2.30200000e+00  3.29463039e+00  5.85753668e-16 
 2.30400000e+00  3.29463180e+00  5.85309579e-16 
 2.30600000e+00  3.29463322e+00  5.85309579e-16 
 2.30800000e+00  3.29463463e+00  5.85309579e-16 
 2.31000000e+00  3.29463604e+00  5.84865489e-16 
 2.31200000e+00  3.29463746e+00  5.84865489e-16 
 2.31400000e+00  3.29463887e+00  5.84865489e-16 
 2.31600000e+00  3.29464028e+00  5.84421400e-16 
 2.31800000e+00  3.29464170e+00  5.84421400e-16 
 2.32000000e+00  3.29464311e+00  5.84421400e-16 
 2.32200000e+00  3.29464452e+00  5.83977311e-16 
 2.32400000e+00  3.29464594e+00  5.83977311e-16 
 2.32600000e+00  3.29464735e+00  5.83977311e-16 
 2.32800000e+00  3.29464876e+00  5.83977311e-16 
 2.33000000e+00  3.29465018e+00  5.83533222e-16 
 2.33200000e+00  3.29465159e+00  5.83533222e-16 
 2.33400000e+00  3.29465300e+00  5.83533222e-16 
 2.33600000e+00  3.29465442e+00  5.83089133e-16 
 2.33800000e+00  3.29465583e+00  5.83089133e-16 
 2.34000000e+00  3.29465724e+00  5.83089133e-16 
 2.34200000e+00  3.29465866e+00  5.82645043e-16 
 2.34400000e+00  3.29466007e+00  5.82645043e-16 
 2.34600000e+00  3.29466148e+00  5.82645043e-16 
 2.34800000e+00  3.29466290e+00  5.82200954e-16 
 2.35000000e+00  3.29466431e+00  5.82200954e-16 
 2.35200000e+00  3.29466572e+00  5.82200954e-16 
 2.35400000e+00  3.29466714e+00  5.82200954e-16 
 2.35600000e+00  3.29466855e+00  5.81756865e-16 
 2.35800000e+00  3.29466996e+00  5.81756865e-16 
 2.36000000e+00  3.29467138e+00  5.81756865e-16 
 2.36200000e+00  3.29467279e+00  5.81312776e-16 
 2.36400000e+00  3.29467421e+00  5.81312776e-16 
 2.36600000e+00  3.29467562e+00  5.81312776e-16 
 2.36800000e+00  3.29467703e+00  5.80868686e-16 
 2.37000000e+00  3.29467845e+00  5.80868686e-16 
 2.37200000e+00  3.29467986e+00  5.80868686e-16 
 2.37400000e+00  3.29468127e+00  5.80424597e-16 
 2.37600000e+00  3.29468269e+00  5.80424597e-16 
 2.37800000e+00  3.29468410e+00  5.80424597e-16 
 2.38000000e+00  3.29468551e+00  5.79980508e-16 
 2.38200000e+00  3.29468693e+00  5.79980508e-16 
 2.38400000e+00  3.29468834e+00  5.79980508e-16 
 2.38600000e+00  3.29468975e+00  5.79980508e-16 
 2.38800000e+00  3.29469117e+00  5.79536419e-16 
 2.39000000e+00  3.29469258e+00  5.79536419e-16 
 2.39200000e+00  3.29469399e+00  5.79536419e-16 
 2.39400000e+00  3.29469541e+00  5.79092330e-16 
 2.39600000e+00  3.29469682e+00  5.79092330e-16 
 2.39800000e+00  3.29469823e+00  5.79092330e-16 
 2.40000000e+00  3.29469965e+00  5.78648240e-16 
 2.40200000e+00  3.29470106e+00  5.78648240e-16 
 2.40400000e+00  3.29470247e+00  5.78648240e-16 
 2.40600000e+00  3.29470389e+00  5.78204151e-16 
 2.40800000e+00  3.29470530e+00  5.78204151e-16 
 2.41000000e+00  3.29470671e+00  5.78204151e-16 
 2.41200000e+00  3.29470813e+00  5.78204151e-16 
 2.41400000e+00  3.29470954e+00  5.77760062e-16 
 2.41600000e+00  3.29471095e+00  5.77760062e-16 
 2.41800000e+00  3.29471237e+00  5.77760062e-16 
 2.42000000e+00  3.29471378e+00  5.77315973e-16 
 2.42200000e+00  3.29471519e+00  5.77315973e-16 
 2.42400000e+00  3.29471661e+00  5.77315973e-16 
 2.42600000e+00  3.29471802e+00  5.76871884e-16 
 2.42800000e+00  3.29471943e+00  5.76871884e-16 
 2.43000000e+00  3.29472085e+00  5.76871884e-16 
 2.43200000e+00  3.29472226e+00  5.76427794e-16 
 2.43400000e+00  3.29472368e+00  5.76427794e-16 
 2.43600000e+00  3.29472509e+00  5.76427794e-16 
 2.43800000e+00  3.29472650e+00  5.75983705e-16 
 2.44000000e+00  3.29472792e+00  5.75983705e-16 
 2.44200000e+00  3.29472933e+00  5.75983705e-16 
 2.44400000e+00  3.29473074e+00  5.75983705e-16 
 2.44600000e+00  3.29473216e+00  5.75539616e-16 
 2.44800000e+00  3.29473357e+00  5.75539616e-16 
 2.45000000e+00  3.29473498e+00  5.75539616e-16 
 2.45200000e+00  3.29473640e+00  5.75095527e-16 
 2.45400000e+00  3.29473781e+00  5.75095527e-16 
 2.45600000e+00  3.29473922e+00  5.75095527e-16 
 2.45800000e+00  3.29474064e+00  5.74651438e-16 
 2.46000000e+00  3.29474205e+00  5.74651438e-16 
 2.46200000e+00  3.29474346e+00  5.74651438e-16 
 2.46400000e+00  3.29474488e+00  5.74207348e-16 
 2.46600000e+00  3.29474629e+00  5.74207348e-16 
 2.46800000e+00  3.29474770e+00  5.74207348e-16 
 2.47000000e+00  3.29474912e+00  5.74207348e-16 
 2.47200000e+00  3.29475053e+00  5.73763259e-16 
 2.47400000e+00  3.29475194e+00  5.73763259e-16 
 2.47600000e+00  3.29475336e+00  5.73763259e-16 
 2.47800000e+00  3.29475477e+00  5.73319170e-16 
 2.48000000e+00  3.29475618e+00  5.73319170e-16 
 2.48200000e+00  3.29475760e+00  5.73319170e-16 
 2.48400000e+00  3.29475901e+00  5.72875081e-16 
 2.48600000e+00  3.29476042e+00  5.72875081e-16 
 2.48800000e+00  3.29476184e+00  5.72875081e-16 
 2.49000000e+00  3.29476325e+00  5.72430991e-16 
 2.49200000e+00  3.29476466e+00  5.72430991e-16 
 2.49400000e+00  3.29476608e+00  5.72430991e-16 
 2.49600000e+00  3.29476749e+00  5.71986902e-16 
 2.49800000e+00  3.29476890e+00  5.71986902e-16 
 2.50000000e+00  3.29477032e+00  5.71986902e-16 
 2.50200000e+00  3.29477173e+00  5.71986902e-16 
 2.50400000e+00  3.29477315e+00  5.71542813e-16 
 2.50600000e+00  3.29477456e+00  5.71542813e-16 
 2.50800000e+00  3.29477597e+00  5.71542813e-16 
 2.51000000e+00  3.29477739e+00  5.71098724e-16 
 2.51200000e+00  3.29477880e+00  5.71098724e-16 
 2.51400000e+00  3.29478021e+00  5.71098724e-16 
 2.51600000e+00  3.29478163e+00  5.70654635e-16 
 2.51800000e+00  3.29478304e+00  5.70654635e-16 
 2.52000000e+00  3.29478445e+00  5.70654635e-16 
 2.52200000e+00  3.29478587e+00  5.70210545e-16 
 2.52400000e+00  3.29478728e+00  5.70210545e-16 
 2.52600000e+00  3.29478869e+00  5.70210545e-16 
 2.52800000e+00  3.29479011e+00  5.70210545e-16 
 2.53000000e+00  3.29479152e+00  5.69766456e-16 
 2.53200000e+00  3.29479293e+00  5.69766456e-16 
 2.53400000e+00  3.29479435e+00  5.69766456e-16 
 2.53600000e+00  3.29479576e+00  5.69322367e-16 
 2.53800000e+00  3.29479717e+00  5.69322367e-16 
 2.54000000e+00  3.29479859e+00  5.69322367e-16 
 2.54200000e+00  3.29480000e+00  5.68878278e-16 
 2.54400000e+00  3.29480141e+00  5.68878278e-16 
 2.54600000e+00  3.29480283e+00  5.68878278e-16 
 2.54800000e+00  3.29480424e+00  5.68434189e-16 
 2.55000000e+00  3.29480565e+00  5.68434189e-16 
 2.55200000e+00  3.29480707e+00  5.68434189e-16 
 2.55400000e+00  3.29480848e+00  5.67990099e-16 
 2.55600000e+00  3.29480989e+00  5.67990099e-16 
 2.55800000e+00  3.29481131e+00  5.67990099e-16 
 2.56000000e+00  3.29481272e+00  5.67990099e-16 
 2.56200000e+00  3.29481413e+00  5.67546010e-16 
 2.56400000e+00  3.29481555e+00  5.67546010e-16 
 2.56600000e+00  3.29481696e+00  5.67546010e-16 
 2.56800000e+00  3.29481837e+00  5.67101921e-16 
 2.57000000e+00  3.29481979e+00  5.67101921e-16 
 2.57200000e+00  3.29482120e+00  5.67101921e-16 
 2.57400000e+00  3.29482262e+00  5.66657832e-16 
 2.57600000e+00  3.29482403e+00  5.66657832e-16 
 2.57800000e+00  3.29482544e+00  5.66657832e-16 
 2.58000000e+00  3.29482686e+00  5.66213743e-16 
 2.58200000e+00  3.29482827e+00  5.66213743e-16 
 2.58400000e+00  3.29482968e+00  5.66213743e-16 
 2.58600000e+00  3.29483110e+00  5.66213743e-16 
 2.58800000e+00  3.29483251e+00  5.65769653e-16 
 2.59000000e+00  3.29483392e+00  5.65769653e-16 
 2.59200000e+00  3.29483534e+00  5.65769653e-16 
 2.59400000e+00  3.29483675e+00  5.65325564e-16 
 2.59600000e+00  3.29483816e+00  5.65325564e-16 
 2.59800000e+00  3.29483958e+00  5.65325564e-16 
 2.60000000e+00  3.29484099e+00  5.64881475e-16 
 2.60200000e+00  3.29484240e+00  5.64881475e-16 
 2.60400000e+00  3.29484382e+00  5.64881475e-16 
 2.60600000e+00  3.29484523e+00  5.64437386e-16 
 2.60800000e+00  3.29484664e+00  5.64437386e-16 
 2.61000000e+00  3.29484806e+00  5.64437386e-16 
 2.61200000e+00  3.29484947e+00  5.63993297e-16 
 2.61400000e+00  3.29485088e+00  5.63993297e-16 
 2.61600000e+00  3.29485230e+00  5.63993297e-16 
 2.61800000e+00  3.29485371e+00  5.63993297e-16 
 2.62000000e+00  3.29485512e+00  5.63549207e-16 
 2.62200000e+00  3.29485654e+00  5.63549207e-16 
 2.62400000e+00  3.29485795e+00  5.63549207e-16 
 2.62600000e+00  3.29485936e+00  5.63105118e-16 
 2.62800000e+00  3.29486078e+00  5.63105118e-16 
 2.63000000e+00  3.29486219e+00  5.63105118e-16 
 2.63200000e+00  3.29486360e+00  5.62661029e-16 
 2.63400000e+00  3.29486502e+00  5.62661029e-16 
 2.63600000e+00  3.29486643e+00  5.62661029e-16 
 2.63800000e+00  3.29486784e+00  5.62216940e-16 
 2.64000000e+00  3.29486926e+00  5.62216940e-16 
 2.64200000e+00  3.29487067e+00  5.62216940e-16 
 2.64400000e+00  3.29487208e+00  5.62216940e-16 
 2.64600000e+00  3.29487350e+00  5.61772850e-16 
 2.64800000e+00  3.29487491e+00  5.61772850e-16 
 2.65000000e+00  3.29487633e+00  5.61772850e-16 
 2.65200000e+00  3.29487774e+00  5.61328761e-16 
 2.65400000e+00  3.29487915e+00  5.61328761e-16 
 2.65600000e+00  3.29488057e+00  5.61328761e-16 
 2.65800000e+00  3.29488198e+00  5.60884672e-16 
 2.66000000e+00  3.29488339e+00  5.60884672e-16 
 2.66200000e+00  3.29488481e+00  5.60884672e-16 
 2.66400000e+00  3.29488622e+00  5.60440583e-16 
 2.66600000e+00  3.29488763e+00  5.60440583e-16 
 2.66800000e+00  3.29488905e+00  5.60440583e-16 
 2.67000000e+00  3.29489046e+00  5.59996494e-16 
 2.67200000e+00  3.29489187e+00  5.59996494e-16 
 2.67400000e+00  3.29489329e+00  5.59996494e-16 
 2.67600000e+00  3.29489470e+00  5.59996494e-16 
 2.67800000e+00  3.29489611e+00  5.59552404e-16 
 2.68000000e+00  3.29489753e+00  5.59552404e-16 
 2.68200000e+00  3.29489894e+00  5.59552404e-16 
 2.68400000e+00  3.29490035e+00  5.59108315e-16 
 2.68600000e+00  3.29490177e+00  5.59108315e-16 
 2.68800000e+00  3.29490318e+00  5.59108315e-16 
 2.69000000e+00  3.29490459e+00  5.58664226e-16 
 2.69200000e+00  3.29490601e+00  5.58664226e-16 
 2.69400000e+00  3.29490742e+00  5.58664226e-16 
 2.69600000e+00  3.29490883e+00  5.58220137e-16 
 2.69800000e+00  3.29491025e+00  5.58220137e-16 
 2.70000000e+00  3.29491166e+00  5.58220137e-16 
 2.70200000e+00  3.29491307e+00  5.58220137e-16 
 2.70400000e+00  3.29491449e+00  5.57776048e-16 
 2.70600000e+00  3.29491590e+00  5.57776048e-16 
 2.70800000e+00  3.29491731e+00  5.57776048e-16 
 2.71000000e+00  3.29491873e+00  5.57331958e-16 
 2.71200000e+00  3.29492014e+00  5.57331958e-16 
 2.71400000e+00  3.29492155e+00  5.57331958e-16 
 2.71600000e+00  3.29492297e+00  5.56887869e-16 
 2.71800000e+00  3.29492438e+00  5.56887869e-16 
 2.72000000e+00  3.29492580e+00  5.56887869e-16 
 2.72200000e+00  3.29492721e+00  5.56443780e-16 
 2.72400000e+00  3.29492862e+00  5.56443780e-16 
 2.72600000e+00  3.29493004e+00  5.56443780e-16 
 2.72800000e+00  3.29493145e+00  5.55999691e-16 
 2.73000000e+00  3.29493286e+00  5.55999691e-16 
 2.73200000e+00  3.29493428e+00  5.55999691e-16 
 2.73400000e+00  3.29493569e+00  5.55999691e-16 
 2.73600000e+00  3.29493710e+00  5.55555602e-16 
 2.73800000e+00  3.29493852e+00  5.55555602e-16 
 2.74000000e+00  3.29493993e+00  5.55555602e-16 
 2.74200000e+00  3.29494134e+00  5.55111512e-16 
 2.74400000e+00  3.29494276e+00  5.55111512e-16 
 2.74600000e+00  3.29494417e+00  5.55111512e-16 
 2.74800000e+00  3.29494558e+00  5.54667423e-16 
 2.75000000e+00  3.29494700e+00  5.54667423e-16 
 2.75200000e+00  3.29494841e+00  5.54667423e-16 
 2.75400000e+00  3.29494982e+00  5.54223334e-16 
 2.75600000e+00  3.29495124e+00  5.54223334e-16 
 2.75800000e+00  3.29495265e+00  5.54223334e-16 
 2.76000000e+00  3.29495406e+00  5.54223334e-16 
 2.76200000e+00  3.29495548e+00  5.53779245e-16 
 2.76400000e+00  3.29495689e+00  5.53779245e-16 
 2.76600000e+00  3.29495830e+00  5.53779245e-16 
 2.76800000e+00  3.29495972e+00  5.53335155e-16 
 2.77000000e+00  3.29496113e+00  5.53335155e-16 
 2.77200000e+00  3.29496254e+00  5.53335155e-16 
 2.77400000e+00  3.29496396e+00  5.52891066e-16 
 2.77600000e+00  3.29496537e+00  5.52891066e-16 
 2.77800000e+00  3.29496678e+00  5.52891066e-16 
 2.78000000e+00  3.29496820e+00  5.52446977e-16 
 2.78200000e+00  3.29496961e+00  5.52446977e-16 
 2.78400000e+00  3.29497102e+00  5.52446977e-16 
 2.78600000e+00  3.29497244e+00  5.52002888e-16 
 2.78800000e+00  3.29497385e+00  5.52002888e-16 
 2.79000000e+00  3.29497527e+00  5.52002888e-16 
 2.79200000e+00  3.29497668e+00  5.52002888e-16 
 2.79400000e+00  3.29497809e+00  5.51558799e-16 
 2.79600000e+00  3.29497951e+00  5.51558799e-16 
 2.79800000e+00  3.29498092e+00  5.51558799e-16 
 2.80000000e+00  3.29498233e+00  5.51114709e-16 
 2.80200000e+00  3.29498375e+00  5.51114709e-16 
 2.80400000e+00  3.29498516e+00  5.51114709e-16 
 2.80600000e+00  3.29498657e+00  5.50670620e-16 
 2.80800000e+00  3.29498799e+00  5.50670620e-16 
 2.81000000e+00  3.29498940e+00  5.50670620e-16 
 2.81200000e+00  3.29499081e+00  5.50226531e-16 
 2.81400000e+00  3.29499223e+00  5.50226531e-16 
 2.81600000e+00  3.29499364e+00  5.50226531e-16 
 2.81800000e+00  3.29499505e+00  5.50226531e-16 
 2.82000000e+00  3.29499647e+00  5.49782442e-16 
 2.82200000e+00  3.29499788e+00  5.49782442e-16 
 2.82400000e+00  3.29499929e+00  5.49782442e-16 
 2.82600000e+00  3.29500071e+00  5.49338353e-16 
 2.82800000e+00  3.29500212e+00  5.49338353e-16 
 2.83000000e+00  3.29500353e+00  5.49338353e-16 
 2.83200000e+00  3.29500495e+00  5.48894263e-16 
 2.83400000e+00  3.29500636e+00  5.48894263e-16 
 2.83600000e+00  3.29500777e+00  5.48894263e-16 
 2.83800000e+00  3.29500919e+00  5.48450174e-16 
 2.84000000e+00  3.29501060e+00  5.48450174e-16 
 2.84200000e+00  3.29501201e+00  5.48450174e-16 
 2.84400000e+00  3.29501343e+00  5.48006085e-16 
 2.84600000e+00  3.29501484e+00  5.48006085e-16 
 2.84800000e+00  3.29501625e+00  5.48006085e-16 
 2.85000000e+00  3.29501767e+00  5.48006085e-16 
 2.85200000e+00  3.29501908e+00  5.47561996e-16 
 2.85400000e+00  3.29502049e+00  5.47561996e-16 
 2.85600000e+00  3.29502191e+00  5.47561996e-16 
 2.85800000e+00  3.29502332e+00  5.47117907e-16 
 2.86000000e+00  3.29502474e+00  5.47117907e-16 
 2.86200000e+00  3.29502615e+00  5.47117907e-16 
 2.86400000e+00  3.29502756e+00  5.46673817e-16 
 2.86600000e+00  3.29502898e+00  5.46673817e-16 
 2.86800000e+00  3.29503039e+00  5.46673817e-16 
 2.87000000e+00  3.29503180e+00  5.46229728e-16 
 2.87200000e+00  3.29503322e+00  5.46229728e-16 
 2.87400000e+00  3.29503463e+00  5.46229728e-16 
 2.87600000e+00  3.29503604e+00  5.46229728e-16 
 2.87800000e+00  3.29503746e+00  5.45785639e-16 
 2.88000000e+00  3.29503887e+00  5.45785639e-16 
 2.88200000e+00  3.29504028e+00  5.45785639e-16 
 2.88400000e+00  3.29504170e+00  5.45341550e-16 
 2.88600000e+00  3.29504311e+00  5.45341550e-16 
 2.88800000e+00  3.29504452e+00  5.45341550e-16 
 2.89000000e+00  3.29504594e+00  5.44897460e-16 
 2.89200000e+00  3.29504735e+00  5.44897460e-16 
 2.89400000e+00  3.29504876e+00  5.44897460e-16 
 2.89600000e+00  3.29505018e+00  5.44453371e-16 
 2.89800000e+00  3.29505159e+00  5.44453371e-16 
 2.90000000e+00  3.29505300e+00  5.44453371e-16 
 2.90200000e+00  3.29505442e+00  5.44009282e-16 
 2.90400000e+00  3.29505583e+00  5.44009282e-16 
 2.90600000e+00  3.29505724e+00  5.44009282e-16 
 2.90800000e+00  3.29505866e+00  5.44009282e-16 
 2.91000000e+00  3.29506007e+00  5.43565193e-16 
 2.91200000e+00  3.29506148e+00  5.43565193e-16 
 2.91400000e+00  3.29506290e+00  5.43565193e-16 
 2.91600000e+00  3.29506431e+00  5.43121104e-16 
 2.91800000e+00  3.29506572e+00  5.43121104e-16 
 2.92000000e+00  3.29506714e+00  5.43121104e-16 
 2.92200000e+00  3.29506855e+00  5.42677014e-16 
 2.92400000e+00  3.29506996e+00  5.42677014e-16 
 2.92600000e+00  3.29507138e+00  5.42677014e-16 
 2.92800000e+00  3.29507279e+00  5.42232925e-16 
 2.93000000e+00  3.29507421e+00  5.42232925e-16 
 2.93200000e+00  3.29507562e+00  5.42232925e-16 
 2.93400000e+00  3.29507703e+00  5.42232925e-16 
 2.93600000e+00  3.29507845e+00  5.41788836e-16 
 2.93800000e+00  3.29507986e+00  5.41788836e-16 
 2.94000000e+00  3.29508127e+00  5.41788836e-16 
 2.94200000e+00  3.29508269e+00  5.41344747e-16 
 2.94400000e+00  3.29508410e+00  5.41344747e-16 
 2.94600000e+00  3.29508551e+00  5.41344747e-16 
 2.94800000e+00  3.29508693e+00  5.40900658e-16 
 2.95000000e+00  3.29508834e+00  5.40900658e-16 
 2.95200000e+00  3.29508975e+00  5.40900658e-16 
 2.95400000e+00  3.29509117e+00  5.40456568e-16 
 2.95600000e+00  3.29509258e+00  5.40456568e-16 
 2.95800000e+00  3.29509399e+00  5.40456568e-16 
 2.96000000e+00  3.29509541e+00  5.40012479e-16 
 2.96200000e+00  3.29509682e+00  5.40012479e-16 
 2.96400000e+00  3.29509823e+00  5.40012479e-16 
 2.96600000e+00  3.29509965e+00  5.40012479e-16 
 2.96800000e+00  3.29510106e+00  5.39568390e-16 
 2.97000000e+00  3.29510247e+00  5.39568390e-16 
 2.97200000e+00  3.29510389e+00  5.39568390e-16 
 2.97400000e+00  3.29510530e+00  5.39124301e-16 
 2.97600000e+00  3.29510671e+00  5.39124301e-16 
 2.97800000e+00  3.29510813e+00  5.39124301e-16 
 2.98000000e+00  3.29510954e+00  5.38680212e-16 
 2.98200000e+00  3.29511095e+00  5.38680212e-16 
 2.98400000e+00  3.29511237e+00  5.38680212e-16 
 2.98600000e+00  3.29511378e+00  5.38236122e-16 
 2.98800000e+00  3.29511519e+00  5.38236122e-16 
 2.99000000e+00  3.29511661e+00  5.38236122e-16 
 2.99200000e+00  3.29511802e+00  5.38236122e-16 
 2.99400000e+00  3.29511943e+00  5.37792033e-16 
 2.99600000e+00  3.29512085e+00  5.37792033e-16 
 2.99800000e+00  3.29512226e+00  5.37792033e-16 
 3.00000000e+00  3.29512368e+00  5.37347944e-16 
 3.00200000e+00  3.29512509e+00  5.37347944e-16 
 3.00400000e+00  3.29512650e+00  5.37347944e-16 
 3.00600000e+00  3.29512792e+00  5.36903855e-16 
 3.00800000e+00  3.29512933e+00  5.36903855e-16 
 3.01000000e+00  3.29513074e+00  5.36903855e-16 
 3.01200000e+00  3.29513216e+00  5.36459765e-16 
 3.01400000e+00  3.29513357e+00  5.36459765e-16 
 3.01600000e+00  3.29513498e+00  5.36459765e-16 
 3.01800000e+00  3.29513640e+00  5.36015676e-16 
 3.02000000e+00  3.29513781e+00  5.36015676e-16 
 3.02200000e+00  3.29513922e+00  5.36015676e-16 
 3.02400000e+00  3.29514064e+00  5.36015676e-16 
 3.02600000e+00  3.29514205e+00  5.35571587e-16 
 3.02800000e+00  3.29514346e+00  5.35571587e-16 
 3.03000000e+00  3.29514488e+00  5.35571587e-16 
 3.03200000e+00  3.29514629e+00  5.35127498e-16 
 3.03400000e+00  3.29514770e+00  5.35127498e-16 
 3.03600000e+00  3.29514912e+00  5.35127498e-16 
 3.03800000e+00  3.29515053e+00  5.34683409e-16 
 3.04000000e+00  3.29515194e+00  5.34683409e-16 
 3.04200000e+00  3.29515336e+00  5.34683409e-16 
 3.04400000e+00  3.29515477e+00  5.34239319e-16 
 3.04600000e+00  3.29515618e+00  5.34239319e-16 
 3.04800000e+00  3.29515760e+00  5.34239319e-16 
 3.05000000e+00  3.29515901e+00  5.33795230e-16 
 3.05200000e+00  3.29516042e+00  5.33795230e-16 
 3.05400000e+00  3.29516184e+00  5.33795230e-16 
 3.05600000e+00  3.29516325e+00  5.33795230e-16 
 3.05800000e+00  3.29516466e+00  5.33351141e-16 
 3.06000000e+00  3.29516608e+00  5.33351141e-16 
 3.06200000e+00  3.29516749e+00  5.33351141e-16 
 3.06400000e+00  3.29516890e+00  5.32907052e-16 
 3.06600000e+00  3.29517032e+00  5.32907052e-16 
 3.06800000e+00  3.29517173e+00  5.32907052e-16 
 3.07000000e+00  3.29517315e+00  5.32462963e-16 
 3.07200000e+00  3.29517456e+00  5.32462963e-16 
 3.07400000e+00  3.29517597e+00  5.32462963e-16 
 3.07600000e+00  3.29517739e+00  5.32018873e-16 
 3.07800000e+00  3.29517880e+00  5.32018873e-16 
 3.08000000e+00  3.29518021e+00  5.32018873e-16 
 3.08200000e+00  3.29518163e+00  5.32018873e-16 
 3.08400000e+00  3.29518304e+00  5.31574784e-16 
 3.08600000e+00  3.29518445e+00  5.31574784e-16 
 3.08800000e+00  3.29518587e+00  5.31574784e-16 
 3.09000000e+00  3.29518728e+00  5.31130695e-16 
 3.09200000e+00  3.29518869e+00  5.31130695e-16 
 3.09400000e+00  3.29519011e+00  5.31130695e-16 
 3.09600000e+00  3.29519152e+00  5.30686606e-16 
 3.09800000e+00  3.29519293e+00  5.30686606e-16 
 3.10000000e+00  3.29519435e+00  5.30686606e-16 
